100
50 50 50 50 50 50 50 50 50 50 50 50 50 50 50 50 50 50 50 50 50 50 50 50 50 50 50 50 50 50 50 50 50 50 50 50 50 50 50 50 50 50 50 50 50 50 50 50 50 50 50 50 50 50 50 50 50 50 50 50 50 50 50 50 50 50 50 50 50 50 50 50 50 50 50 50 50 50 50 50 50 50 50 50 50 50 50 50 50 50 50 50 50 50 50 50 50 50 50 50
3 5 6 7 10 15 16 18 19 20 21 22 25 26 27 28 29 30 34 35 36 37 42 44 46 49 50 54 55 58 62 63 65 67 69 71 73 75 78 80 81 83 85 86 89 91 94 98 99 100
1 4 6 7 11 13 15 16 18 19 20 24 28 32 33 34 35 37 38 40 42 43 44 45 47 51 53 55 58 59 60 61 66 68 72 73 75 76 78 79 81 82 84 88 89 90 92 94 95 96
1 2 4 6 8 9 10 12 14 15 16 17 20 21 26 29 31 32 36 37 41 43 46 56 58 59 61 62 63 65 68 69 70 71 74 75 76 77 79 82 86 88 89 90 92 94 96 97 99 100
1 4 7 9 13 14 18 19 20 21 22 27 28 29 30 31 32 35 39 40 41 42 43 44 47 48 49 51 53 54 55 56 61 62 64 65 67 68 70 72 73 74 75 78 83 85 89 90 91 99
1 4 5 12 14 16 20 21 28 29 30 31 32 33 36 37 42 45 48 49 51 52 54 55 56 59 60 61 65 68 69 70 71 72 74 75 76 77 78 81 84 86 87 88 92 93 94 96 97 98
1 2 3 10 13 17 21 22 24 26 28 30 31 32 33 36 40 41 42 44 45 46 49 53 54 57 58 59 60 63 65 66 67 68 69 74 78 80 82 85 88 89 90 92 94 95 97 98 99 100
3 4 5 6 8 12 15 16 17 19 23 26 27 28 29 31 32 33 35 36 40 48 50 51 53 57 58 60 62 63 65 66 67 68 72 73 75 76 78 80 83 85 86 89 90 93 95 96 97 99
1 3 6 10 12 17 18 19 22 24 25 26 27 28 29 30 32 36 41 42 43 46 47 49 52 53 54 56 57 58 64 66 69 71 72 73 78 79 80 82 84 89 90 91 92 95 96 97 98 100
3 7 9 13 16 17 18 19 20 21 22 25 29 30 31 32 37 40 43 44 46 47 49 55 57 58 60 61 62 63 65 66 68 69 71 72 73 77 79 81 85 86 88 89 91 92 93 95 99 100
2 4 7 8 9 11 16 18 19 22 24 25 27 30 33 34 35 39 41 43 45 47 48 52 54 55 56 57 63 65 67 68 69 70 72 74 75 79 81 82 83 86 87 91 92 93 95 96 98 100
2 3 4 5 6 7 9 14 15 18 19 21 22 24 26 33 35 38 43 46 47 48 51 52 54 56 57 59 61 63 66 67 68 71 74 75 79 80 83 85 90 91 92 93 94 95 96 97 99 100
1 3 7 9 12 14 18 19 20 26 27 28 29 30 33 35 37 38 40 41 42 44 46 47 50 51 52 53 55 61 69 71 72 74 76 77 78 81 82 83 84 85 86 87 90 94 95 96 98 100
1 4 5 7 11 12 13 14 15 16 19 20 21 25 27 29 31 36 39 41 43 44 45 47 49 50 51 52 53 55 56 60 62 65 66 67 71 74 75 79 81 85 86 87 91 92 96 98 99 100
1 2 8 9 14 16 17 18 20 23 24 27 28 29 30 32 33 34 39 41 42 43 44 46 47 49 51 52 53 56 60 67 73 74 76 77 79 81 82 83 88 89 90 91 92 94 95 98 99 100
4 5 6 7 11 12 13 15 17 18 20 21 22 25 26 27 28 34 35 40 42 43 46 47 49 50 51 52 55 59 60 64 65 66 69 70 71 75 76 78 79 81 85 86 89 90 93 96 97 98
3 4 6 11 12 13 14 15 16 19 21 23 27 29 31 33 34 35 37 38 39 43 44 46 47 50 52 53 55 60 62 65 67 68 70 71 72 73 76 77 78 80 83 84 86 87 89 90 97 100
3 4 9 10 12 14 16 17 18 19 20 21 22 24 25 27 30 34 35 36 37 40 41 44 47 51 52 55 58 59 62 64 65 66 67 68 70 71 72 75 77 79 83 85 88 89 90 92 97 100
1 2 3 10 11 13 14 17 18 19 20 21 22 24 25 27 30 34 35 36 41 43 44 45 46 48 49 50 51 53 58 63 64 66 67 69 71 72 73 75 78 82 85 86 90 91 95 96 99 100
5 9 10 11 12 14 15 19 20 23 29 30 31 32 33 36 37 39 43 44 45 48 49 50 51 54 56 57 59 61 63 64 65 66 68 70 74 76 77 80 83 85 86 87 93 94 96 97 98 100
4 5 7 8 11 13 18 21 23 24 25 26 27 29 33 34 36 39 40 42 43 50 51 53 55 56 60 62 64 67 68 70 72 76 78 79 80 81 82 83 84 85 86 88 90 91 92 97 99 100
1 10 15 16 17 19 23 24 27 28 29 30 31 32 33 34 35 38 40 42 46 49 50 51 52 53 55 57 60 62 67 71 72 73 74 76 79 81 82 84 85 86 88 89 90 92 94 95 98 100
2 3 6 7 9 11 12 14 18 23 24 27 28 30 31 32 33 36 37 38 40 42 43 45 46 48 58 59 60 62 63 64 65 66 68 69 71 72 78 79 80 81 82 87 88 89 90 91 96 100
1 2 6 7 12 16 17 21 22 23 25 26 28 31 32 34 35 37 38 39 40 42 43 49 54 55 57 58 59 61 68 70 72 73 76 77 78 80 82 83 84 85 87 90 92 93 94 96 98 100
3 5 6 7 9 10 11 12 14 15 16 17 20 21 22 27 28 29 30 32 34 37 39 41 45 46 48 49 50 54 60 61 66 68 69 70 72 73 74 78 79 81 82 83 88 89 93 94 95 98
1 2 5 10 11 12 13 14 15 17 18 19 21 24 25 28 29 32 35 36 42 43 44 45 46 47 48 49 50 51 53 56 61 62 63 64 65 67 68 72 76 79 82 87 88 90 91 94 99 100
3 8 9 10 12 13 16 17 19 20 22 23 28 30 32 33 35 37 39 40 42 44 48 49 51 53 57 59 61 62 63 64 65 67 69 73 74 77 79 80 82 86 87 89 90 92 93 96 99 100
1 2 5 6 7 8 9 10 13 14 20 21 23 24 29 32 34 35 38 41 44 45 46 47 48 50 55 57 59 60 61 62 63 71 72 77 78 81 85 86 88 89 91 93 95 96 97 98 99 100
1 2 4 8 9 10 12 13 15 16 17 18 21 24 26 28 29 31 32 33 35 37 38 39 43 44 50 54 59 61 62 66 67 69 73 76 77 78 81 83 84 86 87 90 91 92 93 94 95 98
4 5 9 10 15 16 20 21 22 23 24 26 27 28 29 30 33 35 36 41 42 44 47 48 49 52 53 55 58 62 63 67 71 73 75 76 77 78 84 85 87 88 89 90 92 93 94 96 98 99
4 5 6 8 12 15 18 20 22 23 26 28 29 31 32 34 38 39 40 44 45 49 50 53 55 56 58 59 60 62 64 65 67 68 73 75 77 79 80 82 84 86 88 89 90 94 97 98 99 100
2 7 9 10 12 13 14 15 16 18 19 20 21 22 23 24 27 28 32 36 37 38 39 40 41 43 45 46 47 49 51 53 55 62 63 66 67 70 72 74 80 82 83 87 88 89 90 91 93 94
2 6 9 10 11 17 18 21 23 25 26 29 30 32 35 36 39 43 46 47 49 50 51 53 56 58 60 63 64 70 74 75 76 78 79 80 81 84 85 86 87 88 89 90 91 94 96 98 99 100
1 8 10 11 12 14 15 16 18 23 24 25 28 31 34 37 38 39 40 41 43 46 47 49 52 55 56 59 60 61 64 66 68 71 72 74 76 77 82 83 84 85 88 89 90 92 93 94 95 98
1 2 5 9 15 16 17 18 19 22 24 25 26 27 28 29 30 32 35 38 39 40 41 43 48 49 51 52 53 54 55 56 57 58 59 60 61 63 71 76 77 79 83 85 86 87 91 92 93 94
1 2 3 8 13 15 16 21 22 24 25 29 32 35 37 40 48 51 52 53 55 56 58 59 60 61 62 64 65 66 67 68 69 70 73 77 79 80 81 82 84 87 88 89 91 93 95 96 97 98
1 2 3 9 10 12 14 15 16 17 19 20 26 27 28 29 30 31 34 35 37 39 40 41 42 48 53 55 57 58 59 61 62 65 66 67 73 75 76 77 78 81 82 83 85 87 90 91 97 99
2 3 4 6 7 8 10 15 16 21 23 24 25 28 30 33 35 36 38 40 43 44 46 47 48 50 55 57 58 63 64 66 67 68 70 72 73 74 75 76 77 82 87 89 90 91 93 95 97 100
1 2 4 9 10 11 12 14 16 17 20 23 24 25 26 28 33 34 35 36 38 39 46 47 48 49 51 53 59 62 63 64 67 69 70 71 75 76 80 81 82 85 86 87 88 91 94 96 99 100
1 4 6 7 8 9 10 13 14 15 16 19 21 22 23 27 29 30 32 38 40 41 47 48 49 51 53 54 57 60 61 62 64 65 66 67 68 71 72 74 75 83 84 85 87 88 90 91 93 100
7 9 11 14 15 16 17 18 19 20 21 22 23 25 28 29 33 34 44 45 46 49 50 51 54 57 60 61 62 63 64 65 66 67 73 75 78 82 83 85 88 90 93 94 95 96 97 98 99 100
2 3 4 7 8 9 10 11 12 15 16 17 20 21 26 29 31 32 37 39 40 41 43 47 50 52 53 56 57 58 64 66 68 70 75 76 77 78 81 85 86 89 90 91 92 93 94 95 97 99
6 7 8 10 12 13 17 18 21 24 25 26 30 31 34 35 36 38 39 41 42 43 46 47 49 50 54 58 59 62 65 67 69 70 71 72 74 76 77 79 81 82 84 85 86 88 91 92 94 97
1 2 5 6 7 8 10 11 12 13 17 18 19 20 24 29 30 31 34 35 38 40 42 45 47 49 52 54 55 58 59 61 63 66 68 69 70 71 72 75 77 78 79 86 89 91 94 95 98 99
2 4 5 10 11 12 13 15 16 17 18 20 22 23 25 26 28 31 35 37 38 39 40 43 44 45 48 49 51 52 54 55 56 58 59 61 63 64 65 67 74 77 80 87 89 92 95 97 98 99
2 3 6 8 13 14 15 16 17 19 21 33 35 40 41 42 44 45 47 48 49 51 52 55 56 58 61 65 66 70 71 72 77 78 79 80 81 82 83 84 85 86 92 93 94 95 96 97 99 100
1 2 3 4 7 9 10 12 14 15 17 19 20 26 27 28 29 31 32 34 37 39 40 44 49 50 51 52 53 54 55 56 58 62 65 66 67 68 69 71 73 75 78 82 87 88 90 91 94 99
2 4 6 7 10 11 13 14 15 16 17 20 21 23 25 27 28 31 35 36 39 40 42 43 49 51 52 53 57 61 65 68 72 73 74 75 76 78 79 81 82 84 86 87 89 90 91 94 95 99
1 2 3 5 9 10 12 13 15 16 17 19 22 23 25 27 28 31 32 34 36 37 40 41 42 44 47 48 51 53 56 57 63 64 65 66 68 69 71 79 80 82 83 86 88 91 92 94 97 99
1 4 5 6 9 14 16 18 20 23 25 27 30 31 34 35 36 38 39 43 47 48 51 53 55 58 64 66 67 68 69 70 71 72 73 74 77 78 80 82 84 85 86 87 88 89 90 95 96 99
2 3 6 8 9 12 13 15 16 17 23 26 28 30 33 37 38 39 40 41 42 43 46 49 50 51 55 57 59 63 64 67 68 72 73 74 76 78 79 80 82 84 87 88 89 90 94 95 96 100
3 4 7 10 11 12 13 14 16 18 19 23 24 26 27 28 29 30 31 32 39 40 41 43 45 47 49 50 52 53 59 61 62 63 66 67 68 70 71 73 75 77 82 84 85 88 89 90 91 99
1 2 7 9 11 12 13 14 15 20 21 22 23 24 25 26 28 29 30 34 35 38 39 42 47 49 50 51 55 56 57 58 66 68 69 72 73 75 76 77 78 81 82 86 87 88 89 92 94 97
6 8 11 16 17 20 22 25 26 29 31 32 34 36 39 40 42 43 44 46 50 51 52 53 54 55 59 63 65 66 68 69 71 72 74 77 78 79 80 82 83 85 86 88 91 92 93 94 96 99
1 2 4 6 8 11 13 14 16 21 22 23 24 25 26 28 30 32 36 37 43 44 45 50 55 56 57 58 59 60 63 64 66 69 70 73 75 76 78 80 81 83 87 89 91 92 95 97 99 100
3 13 14 20 21 22 23 26 27 32 36 37 38 39 40 41 42 44 47 48 49 50 54 55 57 58 60 61 66 67 70 72 73 74 75 76 77 80 81 82 84 86 89 90 91 92 93 94 95 99
1 2 4 5 6 7 10 12 15 16 17 18 19 22 23 32 33 35 36 39 40 44 45 47 53 54 56 58 61 65 66 67 69 71 73 74 76 78 80 81 84 85 86 88 89 96 97 98 99 100
1 2 3 4 5 7 9 10 12 13 16 17 21 22 25 29 30 32 33 35 38 41 42 46 47 53 58 62 66 67 68 69 72 73 74 78 80 81 83 84 86 87 88 90 91 92 94 95 96 97
2 5 6 7 10 12 15 16 17 18 19 21 24 29 35 36 38 41 42 43 46 49 50 51 58 59 60 62 64 65 66 67 69 73 75 78 80 82 83 85 86 89 90 91 93 96 97 98 99 100
4 6 10 12 13 14 17 19 21 22 23 24 31 32 33 34 35 36 37 38 39 40 43 44 49 51 52 53 54 58 62 64 66 67 68 69 70 75 76 80 81 82 83 84 86 91 95 96 97 98
4 5 9 10 12 13 17 20 21 22 23 26 27 30 32 33 34 35 36 38 41 42 47 49 50 52 56 57 59 61 65 66 69 70 71 72 73 74 75 81 82 84 85 86 87 88 91 97 98 99
1 2 4 7 8 11 12 17 18 19 20 21 22 23 24 26 28 29 36 37 39 40 41 43 45 47 49 50 52 55 62 63 64 66 68 73 75 76 77 79 81 83 84 86 89 94 95 97 98 100
1 2 4 5 6 9 10 11 12 14 15 16 20 21 24 26 27 30 35 36 37 40 41 42 43 49 50 52 56 57 58 60 62 63 67 70 71 75 76 78 81 82 84 86 88 89 91 95 99 100
1 2 3 6 7 9 10 12 14 17 18 19 21 23 24 25 26 27 29 33 35 36 37 40 42 45 46 49 50 54 55 58 60 61 66 67 69 70 74 76 79 82 83 84 85 86 87 88 92 99
1 3 4 5 7 8 11 13 17 18 19 22 23 25 30 31 37 39 40 41 47 50 51 53 54 55 56 58 59 60 61 62 64 67 69 70 74 78 79 80 81 82 83 89 90 91 92 96 98 99
1 2 5 6 8 9 10 11 12 13 14 15 17 19 20 21 22 23 24 25 28 29 30 31 32 33 34 35 36 37 50 52 54 55 59 62 63 67 68 69 76 80 81 84 87 88 91 93 95 99
7 9 10 15 19 21 22 23 27 28 29 30 31 34 35 37 38 39 41 42 43 44 48 54 55 56 59 60 61 63 64 65 66 67 69 76 77 78 80 82 84 88 89 91 92 93 94 95 96 100
4 6 7 8 17 18 19 21 23 24 28 30 34 35 36 37 41 43 46 47 49 50 51 53 54 55 56 58 60 62 63 64 67 70 73 74 77 78 80 81 82 85 86 87 88 90 92 94 98 100
3 4 5 7 13 15 18 22 24 25 26 27 30 31 32 34 36 37 39 40 41 43 48 51 54 55 56 57 60 63 65 69 70 74 75 76 78 80 85 86 87 88 89 91 93 94 95 96 97 98
1 2 4 7 9 11 14 15 19 22 23 24 25 26 27 31 34 35 38 40 44 46 47 48 49 50 53 54 56 57 62 66 72 73 75 76 77 79 81 82 83 86 89 90 91 92 93 95 97 100
4 6 7 8 9 12 13 16 18 21 22 23 25 29 31 34 35 36 37 38 39 41 42 43 44 46 47 48 50 51 58 60 62 66 70 72 75 76 78 79 80 81 85 86 88 89 91 92 94 98
1 5 8 10 11 12 14 15 16 18 21 23 26 28 29 30 33 34 38 39 41 42 44 45 46 49 50 51 52 56 57 60 64 67 68 69 71 73 74 77 79 80 81 82 83 85 86 93 96 99
2 5 10 11 15 17 19 20 21 22 23 24 25 26 27 29 31 33 34 38 39 41 42 43 44 45 46 48 49 51 55 58 63 64 67 69 72 73 77 78 81 83 87 89 90 94 95 96 98 100
1 2 3 4 5 8 9 13 15 16 17 20 21 28 29 35 36 37 40 41 42 43 44 45 49 50 51 53 57 58 60 61 64 66 67 69 72 76 77 80 82 85 86 87 88 89 90 91 93 94
3 4 6 8 9 10 11 12 15 18 19 20 24 28 29 30 34 35 36 37 40 45 47 48 50 51 52 55 57 58 59 60 61 62 63 65 68 69 70 74 75 79 81 86 87 89 91 96 99 100
2 3 5 6 8 9 13 14 15 17 19 21 23 24 25 27 28 29 30 31 32 33 35 36 38 40 41 44 47 48 52 53 56 63 65 66 72 78 81 83 86 88 89 92 93 95 96 97 99 100
1 2 5 7 9 11 13 14 15 21 26 27 28 30 31 32 35 38 39 40 41 43 46 47 48 51 53 54 55 58 59 60 62 63 65 66 67 68 71 75 76 77 78 82 84 85 87 88 97 100
1 4 6 7 8 10 11 13 14 20 22 23 28 30 33 34 35 36 38 45 46 50 51 54 55 57 58 59 62 64 66 67 70 72 73 75 76 78 80 81 82 84 85 88 89 91 92 94 95 100
1 3 5 8 11 12 13 15 17 18 19 21 23 25 26 27 28 30 32 33 34 36 37 42 43 44 47 48 51 54 55 58 59 63 65 66 68 70 71 74 76 77 78 80 81 82 83 94 96 100
1 2 4 7 13 14 15 16 17 18 22 23 25 26 28 29 36 38 39 40 41 42 43 46 47 48 49 50 53 54 55 56 57 65 71 74 75 77 82 83 85 87 88 89 90 91 92 97 99 100
1 3 4 7 8 12 13 14 15 16 17 18 19 21 25 27 28 34 37 42 43 45 46 48 50 54 55 58 59 60 62 64 66 67 69 71 72 75 77 78 79 80 84 85 86 88 89 92 97 100
1 2 4 7 8 10 12 13 14 15 18 19 22 23 26 27 29 31 40 41 46 47 48 50 53 54 55 57 61 66 68 70 71 76 77 78 79 80 81 83 87 88 91 92 93 94 96 98 99 100
3 4 6 7 10 11 12 16 17 19 21 22 23 26 30 31 36 38 39 40 42 43 44 45 46 48 49 51 53 56 58 62 64 67 69 70 71 78 79 80 82 83 84 85 87 89 94 95 96 100
1 2 3 7 8 12 13 14 17 18 22 23 24 25 26 28 29 30 31 32 33 34 35 37 38 43 47 52 55 56 58 60 62 65 69 70 71 72 76 77 80 83 84 87 88 89 90 91 98 99
2 3 4 5 6 8 10 11 14 18 19 22 25 26 27 28 31 32 37 38 42 45 47 49 50 51 53 56 59 61 62 64 66 67 70 74 76 78 79 81 82 83 84 86 87 89 94 96 98 100
4 6 9 10 12 14 15 19 20 22 23 25 26 27 28 30 34 40 41 44 49 50 53 55 56 57 58 60 61 63 64 66 69 70 74 75 76 77 80 82 85 87 89 92 93 95 96 97 99 100
2 4 7 10 13 16 17 18 20 23 26 27 28 30 32 33 34 39 40 43 45 46 47 48 49 50 51 53 54 55 59 60 61 62 64 67 69 70 72 75 78 79 82 83 85 88 89 93 96 99
1 2 3 4 7 8 9 10 12 15 19 20 21 24 27 28 29 33 34 39 40 41 42 44 45 47 49 51 58 61 62 63 64 66 67 70 72 73 74 75 76 81 84 85 87 88 91 92 95 97
1 2 3 5 10 11 12 13 14 15 16 17 18 19 21 22 23 25 30 31 32 34 40 41 42 43 44 45 46 47 48 52 53 56 58 61 72 74 76 77 80 82 84 86 88 90 93 94 95 96
2 3 4 7 13 15 16 17 18 20 21 23 27 30 31 32 33 37 39 40 42 44 46 47 48 53 54 55 59 60 61 62 63 67 68 70 73 75 76 78 81 84 85 87 89 92 93 95 97 98
1 4 5 6 11 12 13 14 18 20 21 23 24 27 30 31 32 37 39 40 41 44 49 52 55 56 59 60 62 63 64 67 69 71 72 73 74 78 79 81 82 85 86 87 91 93 94 97 98 100
1 3 5 6 7 8 12 16 19 21 22 24 25 26 27 28 29 30 31 34 38 40 41 48 50 51 56 57 61 63 64 67 69 71 76 78 79 80 81 82 84 85 86 87 88 89 90 91 96 97
1 2 6 7 10 18 20 21 22 23 25 26 28 29 30 32 33 35 40 41 42 43 44 47 48 51 53 59 62 64 65 69 70 73 74 75 81 83 84 85 87 88 89 91 92 94 95 98 99 100
2 4 5 12 13 14 16 17 19 20 23 24 25 26 27 30 35 37 38 39 40 42 45 47 48 50 51 53 54 55 56 59 62 65 67 69 70 73 74 77 78 80 85 87 89 90 91 92 93 100
2 3 5 7 8 16 18 19 20 21 22 23 24 25 26 30 31 33 34 35 36 37 38 40 42 46 47 49 51 55 59 62 67 69 70 71 72 76 78 79 80 81 83 85 91 93 94 95 96 100
1 3 4 7 8 9 10 12 13 17 18 19 21 24 25 32 35 37 38 39 41 47 48 49 54 58 59 61 62 65 67 70 71 73 74 75 76 77 78 81 83 85 87 88 91 92 96 97 98 100
7 8 9 12 13 14 15 17 19 23 24 27 30 31 33 35 38 40 41 42 44 45 50 54 55 56 60 62 64 66 67 71 73 74 76 78 79 80 82 87 88 90 91 92 93 94 95 96 99 100
1 3 6 7 8 10 13 15 16 19 20 21 23 24 26 27 28 30 35 40 41 48 49 54 58 59 60 61 62 64 65 66 69 70 72 74 77 78 79 80 83 84 86 87 90 92 95 96 97 98
2 3 6 7 8 9 10 13 15 17 21 27 31 34 36 38 39 41 42 45 47 48 49 51 52 53 55 56 58 61 62 63 64 67 68 70 73 77 78 79 83 84 86 87 88 91 94 97 98 100
7 11 13 14 19 21 23 24 30 31 33 36 37 39 41 43 44 45 46 49 51 53 54 56 57 58 60 61 62 63 64 65 66 69 70 72 74 76 78 84 85 87 89 90 91 92 94 96 97 100
1 2 3 6 8 10 13 15 16 22 23 24 26 28 29 32 34 35 36 37 38 41 45 46 47 51 54 55 59 60 64 65 66 67 71 72 73 75 76 77 78 80 83 84 86 87 89 93 95 100
-9.0 40.0 42.23 38.74 44.67 42.6 -1.67 -18.0 9.24 -16.05 23.65 -12.92 38.16 44.42 35.81 11.15 3.82 29.09 35.76 -0.29 28.34 -28.09 19.61 -26.08 36.7 -8.98 48.71 42.17 -2.4 -28.03 -8.39 -5.73 7.86 -0.21 14.95 3.42 38.04 13.41 4.22 28.77 35.2 -10.41 2.53 8.09 -27.0 -10.27 -27.23 49.55 -3.79 -17.8 47.31 -17.47 23.37 -27.19 -13.94 0.78 46.85 -7.96 -23.25 38.03 -25.09 -20.59 -11.14 36.03 35.1 -18.67 12.68 3.26 -8.89 32.09 42.58 44.51 -23.62 -9.95 27.98 9.81 30.38 -13.14 -21.09 -21.31 -13.31 -8.55 -17.73 -22.68 -18.79 7.58 -15.25 9.42 5.01 44.81 25.41 41.86 43.96 -25.65 -8.23 46.86 46.29 -3.12 -4.18 -7.37
6.55 39.31 -1.76 -7.51 -7.36 -19.06 36.18 -13.92 22.97 -10.49 41.98 -19.6 24.4 -27.2 -19.73 -15.99 -18.65 44.22 19.96 -0.4 10.49 -6.86 30.99 43.92 -4.09 38.02 44.14 8.39 4.03 4.17 23.45 -2.29 41.57 -13.83 -11.63 -18.64 1.12 -24.93 15.27 15.21 26.31 9.08 46.9 22.08 41.07 35.09 -20.65 44.79 47.39 48.46 38.53 33.61 -18.41 36.36 2.55 32.79 33.55 43.55 -6.63 -11.38 11.67 -23.73 -0.12 49.27 37.34 26.35 17.35 11.14 -7.92 -2.12 -16.03 7.18 32.46 30.4 25.03 17.62 -9.41 -29.12 28.59 25.0 39.46 -17.73 23.74 22.68 0.89 -14.45 -21.69 -10.73 39.14 -3.81 1.26 49.53 38.39 -13.61 -15.43 10.49 37.85 43.12 45.01
-11.08 -5.86 -8.13 18.2 -25.96 -16.34 -18.58 36.26 38.97 -1.55 45.9 -18.36 37.95 9.16 48.15 12.05 10.4 -1.87 -9.35 39.02 42.97 0.79 -13.79 -20.3 3.89 33.98 -1.16 -18.34 23.0 13.74 27.8 0.82 3.23 10.46 41.29 -1.32 -21.18 13.85 -14.01 29.4 -11.99 27.35 0.34 -7.82 35.64 -8.61 8.21 9.12 -24.9 35.91 34.65 -5.87 -10.27 -5.05 26.61 31.79 29.71 27.47 -25.16 -20.08 9.38 -3.78 -0.48 11.72 -10.62 30.85 -18.43 -24.96 12.92 -22.12 23.81 -29.88 45.08 39.95 -10.7 -21.31 20.27 19.46 13.18 13.41 32.53 -20.18 47.92 11.55 -15.92 -15.39 1.14 12.95 -21.56 40.2 -3.47 -25.31 -21.23 16.65 45.46 43.06 43.27 23.22
44.19 39.58 18.45 29.0 33.2 -26.35 28.59 -11.04 47.1 -20.52 5.85 -2.29 44.74 24.5 22.34 -24.02 -19.54 22.46 2.88 1.53 -22.74 -19.98 -29.36 47.25 -10.82 -26.0 -26.28 -14.67 38.45 39.88 37.21 18.41 -12.87 49.98 -20.09 -17.17 27.21 11.48 -2.86 -26.05 -25.76 4.2 30.07 40.71 18.89 41.88 20.21 -22.01 44.15 16.04 -14.7 27.45 41.74 -19.68 -8.0 48.33 -11.09 44.23 5.52 29.74 -26.91 -25.11 -21.3 31.93 -27.8 28.38 2.3 49.43 23.89 6.86 16.87 -8.42 28.36 38.24 42.84 10.93 28.3 12.34 21.34 -27.59 32.13 15.03 -14.65 41.57 43.99 -18.35 32.31 3.57 11.3 19.65 29.97 -17.18 33.05 -23.35 -17.55 20.48 48.27
47.32 41.64 38.0 -2.26 -0.58 46.89 33.24 12.24 34.7 41.88 -6.15 21.48 -6.1 35.66 29.76 -10.18 13.64 -5.76 29.66 37.24 24.28 -15.62 -3.36 14.61 -6.21 -25.82 10.71 37.09 28.16 47.04 -0.8 28.48 23.14 45.76 14.47 -1.04 -2.42 -15.6 33.83 7.81 12.1 35.88 -14.5 44.67 -6.43 32.79 16.23 45.37 -20.79 22.83 7.01 -2.27 22.25 39.84 31.28 17.06 33.81 6.84 30.48 37.16 24.44 -27.72 6.02 17.38 -3.29 -6.43 48.77 -9.57 47.2 4.38 6.99 28.37 37.81 23.5 -29.16 43.09 39.83 29.04 -28.31 28.23 -20.73 43.56 -29.98 -10.89 -1.05 -13.55 2.8 14.38 45.06 19.76 28.92 26.3 -17.01 47.78 -23.39 44.82
49.33 -27.68 34.63 -16.32 -22.52 37.88 29.74 47.63 44.63 28.7 -20.64 26.08 25.32 37.7 -2.58 44.83 -3.07 8.6 42.58 17.65 48.1 8.15 29.04 34.89 28.01 47.11 17.67 39.5 -4.76 -23.7 48.73 -12.68 -3.08 23.21 -11.68 -23.46 25.69 -27.34 -15.09 6.56 48.05 47.43 30.51 -16.22 14.2 -19.12 -15.36 9.73 -7.39 14.16 -3.03 25.24 -24.84 10.71 15.58 48.94 38.54 -28.45 46.23 2.47 46.9 15.93 9.03 0.49 26.48 42.76 48.76 -21.33 40.66 0.94 16.11 1.55 -2.03 -21.18 -11.09 6.62 31.02 3.25 -14.98 6.3 11.46 34.34 11.52 14.46 40.49 -18.58 -8.55 -13.46 -4.14 48.0 -17.42 -9.27 0.42 9.83 11.46
35.82 35.22 1.98 44.61 -4.77 -10.33 33.25 44.5 -20.46 14.1 1.12 -29.89 16.23 -20.52 -28.53 17.84 28.58 -19.6 39.34 2.58 39.18 45.55 -19.94 21.07 48.96 -4.63 -4.44 -1.07 47.84 -18.56 49.7 49.22 -29.78 35.61 49.37 -18.71 -25.24 -27.5 -15.44 38.32 -23.79 47.76 -28.3 -5.02 -22.17 -25.37 14.16 27.95 -18.96 38.89 31.8 20.55 -2.37 31.6 17.95 -21.32 13.31 -10.03 10.6 49.1 -1.46 4.88 20.32 41.92 42.22 44.06 12.91 30.34 -14.69 6.15 32.48 28.53 -19.74 -23.71 41.69 15.56 -21.89 1.07 1.04 -12.45 12.12 -5.75 -20.87 28.92 -25.72 -25.06 -1.65 22.67 12.75 14.23 -14.63 13.52 2.75 44.18
-9.5 -15.59 8.36 22.91 5.48 -26.82 -12.6 -9.78 -24.33 -24.68 -3.19 12.47 33.65 10.97 28.7 16.55 17.79 31.19 17.45 22.48 30.47 7.1 6.24 44.58 21.45 42.94 -12.61 35.24 37.1 23.16 -20.3 43.92 30.09 -8.88 47.33 -10.6 -3.61 7.17 43.74 20.92 11.31 6.94 -2.0 31.61 8.15 -21.83 -0.22 -18.31 -28.54 42.43 24.1 1.92 45.77 -28.21 -8.1 3.58 -26.38 35.47 32.57 -27.18 -10.51 25.64 -4.38 46.05 -0.78 -12.45 45.24 -9.1 48.67 49.53 4.3 -29.64 -14.37 9.61 46.85 34.66 46.09 33.22 -28.16 34.82 -22.6 42.23 -28.74 37.13 21.86 46.85 43.83 -16.5 5.88 29.9 3.33 47.63 35.6
-28.57 10.09 -10.77 -28.9 -16.73 20.01 0.97 -1.04 -21.59 -5.58 29.38 10.54 42.05 -4.07 -16.24 30.47 -23.82 0.77 19.75 10.65 27.05 32.19 45.36 -18.98 43.7 -16.51 -19.19 49.09 24.86 -29.83 -23.25 20.71 -9.98 23.59 -2.29 44.63 35.75 6.2 16.4 26.34 -7.11 -18.32 -29.96 49.79 27.36 2.14 26.17 37.81 -7.24 -14.0 21.89 -27.33 19.54 12.47 18.65 -23.81 16.04 -24.53 26.79 44.54 41.01 25.85 -4.69 34.03 5.75 -14.92 22.2 27.42 8.51 -5.46 15.31 -4.1 23.2 -6.81 1.25 -15.42 29.65 -10.41 3.6 40.51 23.88 35.89 23.55 -19.86 24.28 24.98 12.31 46.02 33.74 17.86 -6.7 20.33
25.08 -23.57 -17.81 -2.37 28.09 47.77 14.09 -4.58 39.83 -8.62 5.62 -17.96 26.8 -29.69 24.49 31.5 5.34 36.6 -4.03 38.25 25.5 23.17 -8.92 26.92 -19.47 -4.52 -14.3 35.7 2.58 -13.51 -11.82 -4.9 -27.14 -5.51 16.9 11.23 48.35 18.3 38.48 24.54 22.24 28.71 46.54 32.38 44.35 16.38 -1.46 9.6 -6.68 35.07 21.19 9.14 -15.31 0.23 -13.27 28.86 45.66 3.14 -10.57 34.12 -12.86 3.19 40.22 -25.29 17.96 10.96 42.4 49.69 39.9 -17.09 -27.96 3.83 -11.72 -20.17 -4.66 38.08 -16.11 15.31 40.9 15.86 -1.23 -6.12 29.7 -7.85 48.79 25.83 -10.84 -3.6 30.64 -0.38 -21.06
23.26 -12.59 22.43 -3.01 41.72 -28.76 17.37 -1.85 0.73 44.72 -3.51 17.54 31.37 -29.22 33.26 -24.72 31.69 48.22 31.21 -14.73 -28.69 32.77 9.23 -11.59 20.68 -19.13 14.02 -21.17 19.34 40.24 20.71 -5.91 -11.28 -14.12 -18.27 11.08 -1.76 34.52 4.02 30.09 33.42 -18.7 10.11 22.87 49.11 -16.65 6.25 -13.65 -12.78 16.59 42.6 8.44 -14.69 44.59 38.71 21.92 -16.31 -23.32 11.08 23.13 -9.67 24.26 -3.76 49.32 16.73 -29.76 40.68 40.63 -3.86 1.94 -12.62 -7.78 26.86 -4.69 29.43 15.67 13.65 19.54 29.24 -4.93 32.94 -28.05 18.77 13.61 15.24 37.35 -10.43 10.44 25.36 48.4
48.08 39.56 2.04 47.59 -3.33 -20.25 20.27 14.4 8.64 -24.21 33.76 28.92 -17.14 14.38 20.4 47.88 25.81 12.71 3.79 16.03 0.17 25.62 17.62 35.51 -29.5 32.43 46.45 -27.32 42.85 35.37 -28.11 12.93 -18.54 20.51 13.23 32.87 24.18 25.03 -27.83 -21.13 -10.12 43.22 15.45 -3.55 2.7 -7.42 -5.24 -9.32 -26.76 34.02 9.86 12.18 6.58 34.57 39.99 -23.57 37.29 26.19 -16.99 -3.48 2.36 37.96 49.61 -14.47 35.17 39.33 13.49 42.97 -13.04 41.02 -22.99 11.82 -19.38 -12.82 -27.15 20.23 48.54 35.9 31.05 28.57 -6.81 22.01 46.89 44.1 -7.15 3.54 38.75 -19.22 29.74
-14.67 -19.53 7.84 -24.98 40.37 32.39 -3.17 6.26 9.37 -13.98 33.04 47.25 1.24 -11.21 33.64 -9.52 4.8 19.73 42.63 9.99 46.05 -9.88 47.27 -17.41 16.64 27.73 39.45 21.69 39.05 25.08 48.8 40.18 8.58 49.34 34.49 20.5 9.16 49.67 38.08 -11.49 -0.72 43.92 -21.56 -22.7 14.87 14.0 -29.18 -5.07 0.63 -8.1 -3.25 11.01 -28.72 39.68 18.74 6.06 20.52 48.6 18.22 40.76 15.75 18.12 18.13 -5.1 36.43 -25.66 14.0 3.02 33.86 -12.67 20.54 -7.07 11.12 -19.02 5.74 33.56 20.56 22.52 20.68 17.79 37.93 -29.25 43.36 27.59 -28.8 -3.7 45.12 -8.93
28.35 -0.44 28.63 17.56 -22.51 30.8 24.34 16.38 45.67 8.28 -21.51 6.01 3.69 2.95 9.8 -0.03 -14.92 -10.59 -24.28 26.25 25.06 40.61 28.22 6.85 -9.85 10.28 -14.88 43.83 35.47 -15.49 13.75 13.61 -26.51 -7.92 34.13 19.87 34.8 24.49 -27.75 48.02 36.82 16.2 -29.84 -25.51 -22.65 47.38 45.68 2.42 6.08 4.36 -17.05 33.07 -5.99 6.56 17.01 -11.37 -2.63 -20.88 -14.44 45.29 -7.84 -20.77 -27.5 11.03 2.86 6.63 19.04 38.8 39.59 -12.59 3.83 2.37 10.7 24.36 37.13 -6.33 25.69 -11.19 -17.76 19.28 -28.86 49.28 -21.86 -18.82 -20.53 45.96 11.83
32.4 -0.57 44.69 27.7 -7.66 -9.61 2.52 6.23 -0.95 -28.62 -11.35 -20.75 33.1 26.74 -22.77 17.37 11.08 35.18 -5.67 27.43 -8.1 23.71 -1.03 42.81 -14.66 23.75 27.29 29.24 45.77 25.33 10.03 2.21 -21.31 -20.41 -6.18 22.22 17.41 49.74 17.62 1.45 -1.48 -5.8 30.99 -27.67 21.57 5.12 7.57 46.6 10.14 46.32 -7.45 -15.18 36.29 29.65 8.21 -29.31 22.39 26.5 36.22 29.38 20.09 -11.32 49.5 11.05 -28.83 40.34 30.29 9.69 18.93 -26.04 -5.47 35.2 11.21 19.13 -16.43 22.9 30.53 18.52 -20.02 26.37 -11.64 9.15 -24.44 -11.54 17.34 32.34
-3.15 1.83 33.33 35.49 12.85 -21.21 -13.14 7.87 -17.82 11.59 8.92 0.86 3.59 -8.91 -11.52 -5.81 -11.01 -10.12 13.06 16.37 -29.81 -24.2 31.47 12.12 -24.49 31.47 40.81 8.2 16.37 43.72 42.95 7.4 36.55 6.73 25.87 9.76 -15.69 1.87 4.51 44.43 43.76 -29.94 49.76 28.51 43.06 13.89 -7.47 43.23 36.3 -24.83 45.63 -7.92 31.22 -8.54 -22.91 49.79 -13.75 39.76 6.38 28.27 32.35 32.25 22.81 -27.69 49.41 29.4 36.0 44.84 18.71 15.46 -20.55 11.03 -18.27 -5.06 -16.86 38.94 -9.32 -7.91 47.61 -26.43 -5.14 34.5 23.1 43.12 18.38
42.2 2.62 29.93 23.57 0.6 -3.79 -10.38 10.28 21.05 -19.28 -9.26 -24.26 -25.5 12.72 -20.76 26.74 -6.83 33.24 1.6 36.81 28.32 28.4 28.17 -26.87 -7.99 -13.92 33.36 44.97 -4.03 41.77 33.73 21.25 -2.84 -12.57 3.77 -18.12 -8.66 31.51 43.61 27.76 26.32 41.47 48.66 29.24 20.6 -10.57 41.87 -24.19 -22.57 4.22 19.43 -6.61 43.39 42.74 21.48 36.94 49.97 49.49 26.14 -14.44 15.32 -25.17 -1.2 22.46 -9.93 -1.55 34.33 -11.33 29.52 -24.52 25.99 28.48 -15.22 1.33 3.95 11.61 20.7 -17.67 28.61 11.07 36.28 -24.88 40.77 28.59
13.02 -13.23 22.18 26.71 29.89 -10.98 23.47 32.99 10.4 -10.17 -27.97 -10.2 44.62 14.85 -9.43 32.35 42.25 22.63 25.73 -19.16 18.45 17.38 12.95 -15.67 -2.12 -2.55 49.78 41.52 -5.55 23.74 15.59 28.58 42.08 46.76 33.91 -15.31 26.66 -1.03 -17.25 30.59 3.71 30.41 2.11 17.78 26.77 0.78 19.51 12.85 27.94 -0.84 33.79 -16.87 10.6 7.3 -22.27 -9.9 16.91 30.05 -18.92 -7.28 12.28 11.44 -15.36 15.86 35.74 13.51 0.24 -22.09 -13.01 -11.92 11.94 23.21 21.36 2.85 40.42 45.53 49.5 18.67 13.1 -8.12 -10.52 -28.79 40.44
-15.41 -28.5 22.14 30.65 -8.09 31.81 49.29 35.97 -27.93 9.32 24.1 24.62 39.54 18.88 34.04 40.14 -4.09 18.96 22.56 -14.95 -15.59 -19.62 -5.14 37.42 -27.25 20.29 -14.76 -20.42 -28.43 27.18 14.01 33.2 -8.61 16.32 18.73 -13.07 -22.73 12.9 2.04 -16.87 7.07 -10.05 40.62 49.73 47.4 42.23 18.63 11.47 19.7 31.5 37.89 17.76 0.86 10.38 32.11 11.83 -6.78 -8.19 46.86 34.4 37.88 -12.46 -22.36 15.05 4.17 0.27 -11.9 -13.77 31.82 -24.41 45.5 -11.1 22.68 24.89 -28.4 -14.64 27.15 -6.85 -26.03 -22.41 18.24 19.2
40.86 19.21 44.8 26.52 15.18 14.78 -8.28 14.26 47.59 -26.57 -28.31 7.51 -9.28 -13.89 20.53 -25.99 10.66 4.48 -3.9 -2.33 19.77 12.26 2.98 -14.77 -29.26 34.9 20.72 47.89 -16.96 -1.01 -14.94 -28.36 -29.08 -23.41 30.77 -21.21 19.04 23.49 40.59 -2.5 -29.56 12.58 0.26 46.12 2.9 9.85 32.62 -27.74 14.31 -16.35 -12.32 -13.14 49.42 20.29 45.68 12.96 13.99 44.25 34.69 -12.41 -1.14 -25.61 0.73 25.29 -21.92 2.44 -22.25 4.03 48.0 11.83 30.17 -14.99 34.34 11.41 17.71 -21.19 28.36 40.68 38.8 39.62 -24.45
30.32 28.93 8.59 40.5 -2.97 -21.77 25.17 9.39 46.47 -29.59 -3.77 -28.71 -27.0 2.96 -25.07 35.02 13.54 -4.19 40.17 9.93 -12.37 42.14 -14.43 20.2 30.59 -24.54 30.33 20.83 3.23 8.05 4.32 -22.07 9.93 -13.61 10.18 6.98 -24.69 -2.8 -1.5 -1.24 9.95 14.93 -6.27 -8.87 -2.53 -19.21 21.99 -6.44 21.44 26.29 4.63 16.69 40.08 43.79 38.56 19.52 -14.32 -25.75 -3.26 21.4 6.57 -5.69 9.14 -21.41 -14.86 48.93 -16.91 -19.86 -17.87 0.95 30.25 -27.74 -26.59 7.06 18.61 42.1 -9.98 18.14 26.39 -4.81
31.6 -13.59 7.59 -16.51 7.05 32.15 16.54 45.58 28.63 -0.48 36.44 -1.62 19.91 31.31 -23.45 33.24 31.79 19.23 3.66 -12.07 48.37 -21.47 7.35 19.9 40.66 35.19 48.31 -7.27 49.55 -2.04 21.81 17.77 34.21 -18.72 33.27 44.72 8.58 -22.45 29.39 -17.1 -4.67 20.59 22.94 33.18 5.22 12.55 24.18 -5.2 46.0 -28.26 -14.19 -28.19 -11.27 28.31 9.81 4.39 40.62 -11.87 -15.19 22.47 6.67 -8.03 7.77 2.39 34.62 -15.84 43.12 -3.79 26.31 -0.75 40.02 -6.88 -13.28 1.61 -27.71 38.75 30.35 -27.27 -29.47
-1.2 11.27 -14.82 24.93 27.72 -1.61 38.06 1.92 -8.46 -27.54 3.54 -28.4 -2.01 30.35 25.61 21.34 11.73 39.22 -4.34 22.4 10.84 21.43 -5.05 44.05 33.93 25.7 10.07 49.41 37.44 22.71 46.53 -18.32 33.02 11.66 -26.36 21.56 29.5 -24.86 31.02 41.09 29.58 15.95 26.55 -20.87 -19.19 44.17 -13.58 -5.36 26.09 -23.2 33.23 17.24 43.9 29.73 46.15 33.65 35.84 10.34 -1.85 3.47 -28.57 27.88 -26.09 27.03 19.6 -20.87 2.6 -14.04 -13.31 -14.82 34.69 41.2 -9.77 32.64 -2.76 36.26 20.0 -19.33
21.67 -21.01 -8.72 5.99 27.01 -2.54 -24.63 16.65 19.08 46.68 20.9 -24.26 29.96 48.26 19.59 2.07 -17.04 -22.77 10.31 26.53 18.47 28.01 -10.38 11.99 -3.63 37.5 17.54 45.58 0.21 23.16 10.06 30.53 -10.54 -4.24 32.93 -1.13 -8.7 32.34 32.32 29.71 -3.97 -26.65 7.04 14.28 37.29 7.59 16.76 -1.49 38.19 31.97 37.84 37.14 29.57 37.56 33.82 6.5 -4.37 -18.27 43.28 -25.88 15.3 49.74 -25.94 14.82 16.1 0.48 12.97 -4.85 -12.42 1.21 43.64 -12.33 46.91 30.69 -2.94 34.2 0.34
-4.8 40.35 39.68 41.8 41.15 -29.1 20.45 -16.16 18.91 -2.22 9.56 35.91 43.33 23.9 -18.9 49.84 -17.33 -27.24 6.15 41.56 28.27 21.13 -4.27 23.4 -15.8 -25.14 46.36 -11.92 16.35 5.08 26.75 30.43 27.91 -2.82 -13.58 48.66 -16.35 45.9 -19.36 -26.72 46.74 39.62 4.35 45.62 14.92 -10.99 -17.82 -27.12 20.34 14.26 -25.88 43.89 0.96 36.77 -6.16 37.95 13.49 31.65 39.74 49.44 11.39 -21.19 45.69 29.1 -12.07 27.75 46.91 9.51 32.34 -1.58 13.78 -21.97 29.59 -12.93 7.12 -13.78
21.29 -16.92 46.82 7.93 -25.43 11.16 19.96 -18.86 30.99 5.04 6.27 -17.0 32.47 -6.71 40.21 18.59 19.39 12.9 -19.54 1.23 9.54 26.82 14.56 46.28 41.0 -0.63 21.85 -7.03 5.53 1.54 38.45 20.2 16.89 26.68 47.28 8.38 -1.99 -0.01 3.79 45.17 -26.97 27.84 -4.37 38.31 20.98 17.46 7.53 42.92 26.45 28.11 -29.67 25.38 24.9 46.22 -27.2 22.13 -16.06 33.27 -25.71 -12.35 32.63 11.09 -18.67 -18.62 22.05 18.84 -1.69 -14.06 -16.05 27.42 -10.23 0.39 -8.37 -15.75 46.48
-6.55 7.24 32.27 4.4 45.27 40.51 -12.02 18.14 44.32 28.48 -22.87 49.07 36.86 26.53 -29.5 32.75 4.74 19.23 40.99 -26.77 -16.05 32.05 14.67 -11.7 8.0 29.09 42.45 36.73 37.13 -8.84 -17.81 9.47 19.24 18.64 -28.2 8.53 2.24 48.79 13.17 30.38 40.7 45.67 37.95 37.26 11.94 13.93 -25.41 5.1 24.99 -22.69 5.62 13.89 28.44 0.34 25.59 27.84 -11.95 2.77 -21.32 45.98 33.74 8.49 38.32 1.8 -7.16 0.71 15.2 27.93 33.12 35.78 -17.99 3.04 31.0 0.85
3.32 -7.11 49.13 -14.01 40.91 22.17 45.69 14.52 -16.71 23.13 12.3 4.28 14.91 -10.08 -9.57 -21.14 38.96 49.46 -20.82 41.18 13.09 45.97 28.44 5.26 8.33 -18.43 20.87 -13.75 20.89 0.62 28.86 26.47 -10.96 -6.13 31.03 23.88 30.84 35.44 5.23 29.26 27.09 26.6 18.31 37.77 -25.23 -5.86 -22.3 45.26 -21.74 31.61 42.29 43.27 42.42 9.97 -6.49 2.62 18.04 3.43 -9.49 6.53 -24.01 11.3 20.29 42.69 32.33 -14.98 7.88 27.5 -15.87 7.48 3.11 9.6 49.96
12.09 8.37 -5.89 -14.47 -10.01 45.17 6.63 41.22 -3.65 -27.15 12.37 -15.54 37.85 37.94 -1.82 4.53 15.71 38.83 -21.92 33.69 4.52 44.98 29.24 -21.86 -7.32 -7.71 32.78 39.8 25.03 -28.47 -6.58 -24.94 -7.38 13.04 36.47 -1.39 -29.09 6.5 3.12 3.87 39.77 -1.39 36.6 -13.21 40.45 19.87 -15.31 24.02 14.02 11.4 7.65 20.96 -5.33 22.35 -19.17 8.8 -11.18 -18.83 24.26 26.78 -1.34 21.79 4.72 18.48 19.65 7.82 -25.41 -29.4 -21.74 19.8 20.67 -26.71
-7.44 1.69 39.51 32.95 -19.19 10.9 33.72 28.15 1.81 37.61 -22.73 -27.16 18.63 31.25 -29.29 18.29 32.04 -29.82 -10.06 12.18 -12.39 4.34 -13.15 45.6 3.49 48.6 7.06 44.94 36.47 20.91 1.55 1.6 -11.03 40.41 -22.9 31.76 -16.19 -22.73 40.14 44.76 19.06 -27.6 -16.37 25.27 -5.79 -0.94 -19.03 -18.38 -29.0 -27.33 15.86 -26.74 7.01 -3.66 41.32 -2.77 3.7 18.13 0.05 -15.91 15.76 46.57 -21.96 -0.49 15.61 47.37 20.04 2.18 5.01 10.2 8.86
34.74 8.61 -26.01 -4.93 -9.82 10.27 -0.59 -15.97 -4.26 -23.95 25.64 20.74 35.7 -21.91 45.03 18.93 0.33 39.26 27.93 15.61 45.92 -0.79 -11.22 -4.56 -21.49 -1.1 7.88 -15.41 41.9 47.96 46.35 3.82 -17.59 -13.9 -29.06 1.75 -15.67 40.18 -25.15 -7.33 2.66 19.61 -2.25 32.13 -9.86 -23.63 15.36 -26.49 34.1 -8.17 44.19 -27.9 32.12 1.95 2.6 -1.17 11.28 43.93 8.08 27.39 40.91 39.62 -22.9 8.63 28.36 -22.23 31.45 29.15 34.4 11.14
6.34 25.35 20.92 7.87 40.92 -9.87 16.48 10.72 29.78 -24.15 2.18 -25.27 -11.1 -28.38 26.17 36.83 -2.27 -11.22 -16.52 7.65 -21.15 25.32 0.89 10.75 15.17 -18.36 39.32 38.22 14.04 1.46 17.17 18.68 10.05 42.92 -13.37 -24.13 -12.37 0.62 48.84 7.12 9.54 12.34 -12.37 -9.02 46.84 41.18 2.48 42.94 -11.37 5.15 15.7 2.79 6.85 28.1 46.64 -23.54 -12.18 -7.39 -11.23 24.09 6.8 45.76 39.58 0.95 6.83 23.05 23.16 13.72 47.6
-2.9 25.99 3.4 -17.28 2.21 27.14 32.02 42.13 -4.44 -12.18 36.12 42.2 -2.92 36.37 -14.8 -3.51 -9.0 -29.99 41.98 -24.62 -5.4 -12.47 -2.65 48.35 31.75 -7.42 3.04 45.97 31.56 38.27 26.61 -7.89 36.91 9.29 45.6 -14.99 -27.35 38.95 23.78 -1.69 39.05 12.9 -20.37 28.17 -9.18 -22.25 49.81 -15.63 -13.91 25.65 41.24 29.38 9.45 18.18 3.86 24.83 -25.84 3.24 33.69 -9.38 35.51 -20.77 -10.03 45.43 -16.95 40.23 -10.52 16.82
21.48 26.86 46.35 -0.85 5.65 31.13 24.18 -23.92 39.83 28.13 -5.85 44.35 9.09 -19.4 20.84 -29.68 36.12 19.23 20.26 43.82 -29.01 41.41 18.45 0.75 34.3 29.0 18.65 -19.51 23.95 -4.46 21.81 10.43 33.64 -5.22 27.01 44.68 -28.87 -27.93 -12.44 21.15 -9.38 0.65 24.54 -14.37 -18.5 -0.24 41.84 -6.73 14.36 -16.45 45.21 -12.7 47.27 29.98 -7.1 -0.34 9.57 -16.67 12.57 46.6 -16.92 -28.98 21.28 36.91 17.86 42.37 -25.49
48.77 36.95 -20.67 -0.48 -29.56 -1.0 38.51 8.46 35.4 -13.53 17.56 37.68 -5.73 17.34 40.15 -20.87 45.9 -10.67 -29.23 -29.31 -5.77 36.5 12.54 -5.49 -28.95 35.84 4.85 -18.19 -20.1 -1.0 -13.88 4.36 21.38 -0.55 -19.46 -5.08 -19.49 44.85 -28.41 14.12 28.49 16.24 27.53 -26.9 14.41 29.38 28.91 -1.28 42.13 9.08 27.5 19.6 4.42 39.41 34.72 -2.59 22.39 42.28 -21.7 14.7 -18.23 44.98 -8.01 -23.12 33.34 3.31
-2.03 26.0 -11.48 7.83 2.76 -21.34 -23.86 -14.98 12.7 -11.9 -2.26 -15.5 -3.98 -21.03 -24.79 -25.73 -10.73 18.94 -15.58 -8.57 3.75 5.31 44.23 -9.24 8.51 2.42 12.48 -21.15 22.32 -27.45 -3.12 13.85 -6.63 -14.89 24.15 38.17 -13.68 33.16 9.13 -20.25 -4.82 -27.07 26.4 23.17 -19.39 45.52 -3.99 -6.4 8.95 -1.4 -11.84 19.06 43.01 16.35 -9.31 17.85 28.99 39.66 36.06 37.39 -2.59 -0.87 45.63 20.0 27.56
24.21 38.26 30.4 15.68 -7.28 16.01 -2.16 15.57 10.22 -0.77 -18.15 33.43 9.74 12.98 13.3 7.95 -10.63 -14.03 -14.1 -17.88 22.91 1.12 -10.26 48.32 29.07 7.69 -2.09 -13.22 30.87 32.01 16.72 38.9 35.74 -3.78 45.36 13.48 47.38 27.42 -22.18 20.77 43.16 24.11 -29.23 -27.2 -13.89 -17.25 39.11 35.66 20.86 9.77 -28.15 42.66 46.23 2.93 21.88 -20.32 1.15 -20.79 41.28 36.7 10.31 34.95 5.81 14.41
9.96 -8.54 48.24 31.95 25.93 11.85 12.77 42.19 -11.95 -13.52 11.24 -3.7 34.62 42.79 -3.03 45.57 7.65 33.22 28.08 17.86 36.75 1.02 -9.56 0.98 -12.66 38.93 16.86 -5.1 47.55 -24.97 -1.43 -24.46 32.21 -16.5 2.96 18.0 -4.24 -3.53 44.83 13.08 7.08 -10.57 10.78 42.0 32.93 17.34 15.06 7.52 5.7 -27.21 18.31 36.95 30.62 7.4 41.81 -22.15 19.31 26.79 32.16 8.55 -25.3 19.57 -27.99
-7.85 23.32 28.41 36.5 20.16 -18.78 44.61 10.82 29.66 42.68 15.48 45.59 -23.77 19.46 30.66 -6.95 0.65 -15.5 19.04 44.31 -19.8 42.73 -19.62 9.4 -20.06 -23.66 28.34 16.41 5.44 20.17 44.43 10.65 7.72 46.78 39.49 -12.35 -10.62 19.27 35.67 29.67 -25.85 -3.09 46.58 -4.67 24.59 6.07 -15.36 11.12 49.2 -14.88 7.68 -28.36 40.38 -27.35 28.9 29.28 35.32 31.67 41.06 -28.68 4.01 15.76
1.0 47.82 10.58 14.87 31.65 19.01 25.8 -21.01 10.43 5.5 1.09 7.39 -24.35 -23.36 25.51 49.55 11.06 0.95 12.53 -12.6 30.03 -9.66 4.69 7.36 28.05 -7.84 49.72 43.65 -11.23 48.09 36.18 -7.52 16.11 -16.2 -3.86 -14.65 21.47 21.41 -23.97 15.25 38.64 -0.48 7.6 31.61 1.72 34.94 23.96 0.09 -8.47 46.9 25.45 46.81 37.98 -26.28 -5.05 -8.27 34.33 -18.17 -1.17 2.99 -25.39
-0.38 -18.59 15.59 34.58 38.77 48.13 -10.95 43.16 3.96 -14.84 46.77 -3.08 -16.94 27.42 35.14 7.77 21.52 27.39 15.01 14.35 11.68 2.78 7.39 46.79 40.35 19.26 6.03 6.39 -10.4 34.15 8.69 7.56 10.34 -24.06 -1.37 24.02 36.99 -8.37 -23.8 29.79 13.52 13.58 36.17 21.78 1.83 19.74 -6.31 46.84 -10.57 44.42 5.76 -0.97 22.41 -9.55 39.33 -13.41 39.72 25.58 -4.03 32.87
24.13 42.67 0.16 3.48 7.97 -3.14 29.53 24.95 -23.77 29.43 -2.78 28.5 -3.58 38.83 5.82 16.4 3.84 25.16 29.61 3.63 -21.71 19.92 6.8 -7.47 0.65 -7.73 29.12 -18.98 -8.24 -26.34 43.83 -13.22 41.58 6.12 -15.33 -19.76 15.38 9.56 7.43 44.39 -25.05 15.94 38.05 29.27 25.8 49.27 19.48 20.05 35.38 19.07 34.62 17.71 13.51 42.93 39.77 35.7 13.47 46.11 24.37
15.65 34.62 25.36 48.57 9.63 36.42 -9.5 21.51 -27.66 -5.85 -11.25 -19.15 -18.31 -28.79 37.02 -13.19 -3.61 1.85 36.35 -12.47 5.64 -18.9 43.16 1.67 -12.08 38.41 -17.68 -16.1 -24.63 47.31 -25.98 -23.56 12.59 46.6 -8.28 7.98 1.7 -17.72 16.79 23.05 0.86 21.29 45.1 40.02 11.6 5.07 14.7 -18.36 -15.74 14.23 9.3 24.86 -17.97 46.26 22.43 -6.37 49.95 39.79
28.05 13.13 -3.39 23.03 21.66 22.44 -20.24 29.35 5.88 14.4 -28.05 19.24 -17.44 17.49 43.63 17.76 44.17 6.07 5.65 -21.79 15.1 -16.58 48.4 -29.31 -11.69 32.68 31.88 -6.39 28.05 39.98 -23.35 23.66 -24.07 44.67 16.43 23.88 27.82 49.8 -0.55 -10.67 -6.23 34.36 44.37 -11.6 -23.26 16.57 -26.36 20.93 -4.7 -20.96 -18.58 21.83 -18.58 -11.86 23.05 42.48 -13.93
42.29 -10.13 -14.13 -13.46 -13.86 21.04 29.79 48.33 39.91 30.55 -2.08 -8.2 26.54 -15.55 15.82 -4.78 -4.78 14.76 -17.89 8.24 -29.9 -12.84 -17.23 39.98 23.78 21.84 -21.45 -0.87 4.32 40.38 49.51 43.61 16.85 20.69 10.38 17.56 -12.12 4.82 -26.97 33.98 48.67 41.84 31.38 33.71 -21.14 -11.07 37.09 33.86 9.45 37.8 -8.97 8.88 34.53 27.62 5.64 -14.71
-7.32 39.54 -27.96 46.03 48.32 45.03 1.17 -18.72 17.78 -1.66 38.46 -8.83 32.95 -24.98 26.12 8.78 -29.79 -19.6 -29.29 49.9 13.06 45.43 -2.93 -6.72 21.41 26.67 -13.58 30.58 44.35 15.22 4.0 0.77 -29.68 5.73 -26.11 4.71 -5.94 -11.31 -9.69 -2.09 48.16 -28.99 -17.13 28.29 48.5 -15.26 41.77 17.67 -24.03 2.27 -29.16 4.16 7.11 12.31 -17.84
-15.37 -20.75 -9.82 -13.59 -24.22 -18.43 19.32 48.89 6.96 -16.68 38.38 45.97 -14.88 -14.97 16.97 18.77 22.43 5.39 -29.29 15.62 20.47 -0.78 -3.28 -14.49 -24.18 30.03 13.51 39.26 36.86 30.0 19.99 19.14 -14.27 37.07 15.16 11.96 -17.82 -14.5 32.95 23.52 8.55 47.75 -1.77 33.48 -29.17 7.35 46.35 -16.92 23.82 -22.17 -3.5 40.0 41.18 -4.26
25.71 1.44 30.26 40.91 34.87 -23.44 22.41 31.3 30.77 -18.93 -1.28 20.54 -15.57 2.83 -16.47 35.15 20.83 18.44 -26.72 7.98 29.57 47.36 38.6 33.74 8.83 36.4 28.51 0.72 36.17 -28.34 48.46 15.29 -0.26 43.53 24.19 3.94 -5.19 47.03 -17.99 23.87 26.81 -7.14 39.83 -22.75 -13.11 29.68 28.01 -13.37 36.62 27.93 17.53 -9.36 2.97
35.24 4.57 19.09 -22.04 41.37 45.55 10.16 25.8 36.04 27.46 36.77 -5.16 16.36 4.49 -26.4 -1.65 15.46 -1.89 10.41 34.34 -8.78 48.02 -27.44 14.92 16.83 -18.94 -23.69 10.92 4.74 -16.8 4.36 -25.24 -0.69 36.36 24.44 11.31 24.44 -20.99 16.22 6.6 -1.75 -25.08 47.19 35.37 -5.1 20.57 2.62 12.16 15.92 17.73 38.03 20.43
13.88 -12.62 27.3 -18.68 -24.58 15.1 38.51 33.87 -23.57 48.95 2.82 -19.05 27.78 -13.4 35.69 13.09 23.8 33.51 43.93 30.09 49.92 -11.43 30.82 7.26 -1.03 47.18 -18.18 -16.15 19.3 -9.2 19.45 8.49 -15.33 -22.66 23.98 39.01 -22.88 13.07 38.31 -6.02 5.95 -0.05 3.11 38.84 11.15 -7.18 -6.46 25.69 26.59 -17.96 43.52
-27.69 -14.88 49.13 -1.34 29.92 -21.22 -0.68 -24.87 38.92 -25.93 27.95 -28.0 -10.82 20.69 -29.42 13.74 37.71 -4.78 49.35 0.39 9.95 -2.28 42.33 -9.7 16.82 -20.75 -2.44 8.33 3.95 -17.12 16.45 -8.37 -1.58 5.81 -13.86 23.32 -28.39 46.06 -2.76 -0.71 28.95 19.97 -16.76 -7.71 -4.25 2.6 8.67 14.72 -14.2 16.21
-9.08 -15.15 25.6 -13.69 -20.06 27.63 -1.37 45.58 38.35 36.89 41.74 25.86 -3.58 24.52 17.79 34.71 32.1 -17.48 4.6 -10.1 47.42 14.67 6.48 9.45 -10.72 -5.92 -13.07 25.41 17.6 4.86 41.95 -23.78 -4.94 34.84 6.69 -23.66 41.56 43.47 -15.56 13.92 38.31 3.33 48.76 -9.23 35.62 -28.15 -2.93 14.21 -22.49
-29.5 41.03 2.71 38.58 46.06 33.36 30.27 -21.46 49.71 10.46 27.07 -4.31 -5.97 -14.25 5.92 -11.59 36.39 2.26 49.99 1.27 6.97 -19.25 3.75 -26.73 23.62 -15.32 -13.07 9.84 32.52 -23.73 19.68 23.79 2.86 42.15 45.36 42.52 -15.73 39.26 11.57 48.14 22.52 22.59 31.26 -21.87 27.85 17.55 -8.48 30.92
5.07 35.45 -8.54 -20.32 48.81 -23.01 1.27 9.27 10.89 10.65 46.75 38.73 3.13 2.94 44.86 48.83 43.14 40.76 43.99 -25.97 -29.95 -13.57 -10.64 29.11 10.37 48.21 41.0 17.03 -5.66 -19.43 -19.78 42.19 6.52 31.99 36.3 6.21 45.42 43.21 -0.76 45.91 -26.46 37.83 4.79 1.11 21.38 44.22 41.22
35.9 -12.73 -11.13 -28.36 19.54 22.03 13.82 4.98 42.44 -27.14 -15.48 -19.97 21.74 17.73 13.17 -20.99 -26.47 -13.21 25.51 0.73 32.82 -15.79 -7.75 -27.09 15.28 23.49 20.49 36.9 -16.52 -1.34 39.04 -28.9 47.56 -11.94 28.91 24.38 24.7 19.98 47.33 10.51 32.05 -7.6 -27.21 46.62 5.11 2.18
-25.51 -29.67 5.9 32.84 45.69 11.73 -0.34 -23.54 -13.4 24.83 48.39 34.74 -7.17 32.47 -12.45 -26.91 -15.56 -26.52 18.79 45.14 -23.52 34.89 -24.83 37.71 38.59 26.1 -5.47 -16.46 16.87 -27.91 1.63 -9.6 -25.96 -23.14 -21.14 39.95 24.43 35.11 -19.95 32.99 1.31 -26.6 31.18 -28.46 -3.77
22.69 -12.15 -18.08 27.22 41.64 26.64 49.62 24.2 2.66 10.74 0.07 19.02 -19.46 23.76 48.15 -0.35 -10.36 31.1 18.42 33.42 -3.23 9.87 26.58 15.46 -16.54 32.76 35.76 42.23 28.99 -10.7 -29.69 27.66 47.85 47.79 25.23 -9.1 35.13 -19.79 41.52 11.52 -3.8 -16.21 42.82 44.1
-10.68 9.66 19.41 36.85 -10.51 -9.82 -10.43 29.34 29.34 -27.16 -23.72 49.64 31.05 8.78 39.76 16.46 -28.08 20.44 32.03 12.61 -5.05 17.63 15.64 36.82 -8.25 7.6 30.98 24.53 41.57 -26.97 34.4 34.09 -27.15 4.76 34.65 0.39 -7.88 25.51 1.99 -4.2 22.18 3.48 -22.52
49.62 26.53 11.13 27.19 17.56 43.25 27.54 2.71 33.41 48.65 -10.83 -8.98 -12.12 15.5 -14.29 30.08 9.75 -6.41 31.55 47.57 41.82 36.46 -10.41 -22.16 7.24 18.41 -3.23 3.24 -21.1 42.51 -28.24 -27.03 37.12 37.1 -24.86 -13.77 25.76 43.22 2.23 -17.94 2.58 20.42
6.45 10.45 39.04 -15.4 -9.98 -8.53 -8.4 39.05 20.22 25.88 10.61 43.63 29.7 7.66 -5.31 -9.34 28.55 36.99 43.01 12.08 25.63 38.73 -24.93 14.11 -18.64 31.77 -26.55 12.67 25.27 -0.7 -6.03 30.41 -17.42 9.53 -5.98 -4.96 33.37 -12.36 -9.53 2.86 13.63
39.42 18.36 -26.43 -20.58 9.6 -5.69 9.99 26.38 43.28 5.67 49.29 -27.64 -10.58 19.39 3.18 32.62 12.03 15.17 36.3 37.31 36.97 40.07 38.0 24.87 7.64 7.86 -20.71 28.77 25.58 33.57 -4.12 -9.92 -4.53 -18.97 -10.56 -25.85 25.39 -13.54 14.02 46.63
2.63 40.07 39.79 28.08 10.19 26.19 43.52 42.38 38.46 -24.28 45.14 46.19 -0.29 -14.5 26.42 -17.93 21.98 8.29 -21.09 28.84 -2.45 11.32 46.22 1.74 13.04 -16.75 -23.69 13.95 5.21 -19.56 -25.37 48.15 -10.36 27.6 -26.79 23.22 21.47 -1.53 -14.39
-2.28 14.35 32.96 12.72 5.68 5.32 -9.81 -9.47 36.59 -22.25 43.07 5.2 -3.69 23.66 -12.03 48.53 3.16 -3.88 47.06 29.51 -15.74 -13.88 30.96 28.33 -15.88 2.82 -10.54 21.25 26.44 11.77 38.17 11.51 26.96 47.12 46.17 -27.68 28.66 34.61
-18.42 -19.69 -22.19 -14.73 -9.76 46.27 -4.34 47.67 33.14 17.41 19.5 -8.16 -4.18 16.42 42.01 8.74 3.89 -24.67 20.88 20.11 -10.19 46.81 39.65 -6.4 47.63 40.08 -3.03 31.89 -24.72 39.74 44.14 -26.72 -9.95 -12.45 35.56 48.29 4.31
-29.16 19.53 25.71 2.15 1.22 -29.13 -26.7 34.95 45.57 -24.12 18.67 -17.82 31.52 12.26 -28.22 -10.63 -5.43 47.85 23.52 -24.66 -21.35 45.6 -18.38 30.77 5.91 10.16 -14.85 42.89 27.16 -5.61 26.98 -13.1 4.78 42.84 -1.57 -25.99
-19.44 48.14 -8.01 21.3 -14.58 23.47 -23.54 7.1 0.3 26.34 45.53 34.53 27.18 -27.67 -6.48 -16.98 22.6 27.17 40.79 28.02 26.17 5.01 2.29 33.62 -14.68 28.28 38.45 -27.25 -15.38 -14.44 21.85 -0.59 9.45 3.88 -10.03
10.47 25.12 33.48 -4.57 -16.93 18.84 -1.56 38.8 41.18 24.08 34.75 3.01 12.18 8.94 -21.5 -22.8 -25.06 -11.89 -1.82 31.98 24.42 13.62 -19.6 31.23 -19.96 33.0 41.84 -29.59 11.03 -17.88 -17.4 36.5 21.24 7.23
-3.32 -15.42 -15.6 32.26 27.25 28.15 18.26 35.76 15.26 33.93 -18.14 20.25 25.18 28.38 1.86 -15.89 -25.28 10.41 21.97 -3.87 -24.26 14.13 41.75 7.13 28.29 2.21 1.88 14.79 -4.06 -3.97 38.67 49.51 -11.27
-26.58 37.08 13.7 9.99 -22.84 31.85 44.03 -21.55 7.98 -15.56 14.37 8.48 -10.48 24.07 -6.67 32.24 -2.63 14.45 28.97 35.81 48.05 36.29 9.74 -3.08 -10.8 28.16 -3.18 16.11 -2.03 2.56 -4.7 48.37
-10.26 -22.3 11.41 11.52 44.13 22.08 4.2 33.47 -18.27 29.38 30.7 -20.02 29.14 5.87 -2.82 12.83 23.2 41.36 2.92 -27.3 -26.62 -18.7 47.55 30.47 -18.47 -16.89 49.57 22.0 25.8 30.22 8.67
12.48 -12.02 -9.15 -9.63 -10.18 37.52 28.99 29.23 32.2 43.94 21.46 29.07 36.84 19.97 37.22 27.4 -29.69 -15.73 -13.98 -10.69 17.51 -24.48 17.67 -27.46 0.04 -11.34 42.63 41.02 30.19 -8.81
9.17 -6.64 49.82 23.37 21.24 -25.1 27.99 17.25 43.22 2.64 -8.8 30.92 -28.58 -25.2 -25.93 34.22 -20.2 -17.16 41.54 -18.91 6.94 -27.59 -18.79 44.26 -29.88 -20.28 25.54 -1.14 -28.88
37.64 10.09 0.84 0.26 22.44 1.04 4.87 -19.58 23.85 -20.17 -8.16 41.48 30.79 -19.88 -24.4 -1.17 20.51 31.36 39.04 -21.99 36.67 35.89 -18.99 18.26 -22.86 -15.26 -22.19 -23.04
34.93 -1.55 -4.17 5.34 31.2 16.1 31.27 43.88 -3.01 45.11 16.89 2.66 -9.59 -5.3 -1.48 -8.86 -0.55 -24.53 15.23 14.93 19.26 31.96 -24.07 -15.73 -17.4 -9.74 -1.44
26.36 20.77 -5.42 24.15 44.45 -2.63 4.31 6.76 17.71 -8.7 -2.28 -12.07 40.39 -0.1 40.99 37.77 30.7 46.6 -16.77 40.12 27.6 42.08 7.66 -12.72 0.31 47.31
37.22 0.55 12.21 -26.31 1.42 -26.6 -7.27 3.46 36.39 7.62 -9.28 -1.26 -17.11 25.71 -26.52 28.74 6.45 23.62 13.55 -21.39 -17.64 27.9 1.01 22.71 38.86
-8.63 -10.98 28.88 12.01 -0.58 18.07 45.22 41.39 4.99 -6.84 37.91 39.32 9.44 40.38 -8.83 -10.98 25.71 43.83 26.77 0.34 43.29 -17.23 7.88 -3.18
48.2 -15.17 41.02 -8.43 2.92 -15.36 39.84 41.78 0.75 41.03 19.27 6.45 48.25 11.71 -21.14 23.37 -5.79 44.19 13.41 -21.42 41.04 40.45 -22.8
21.94 -29.35 -22.34 33.28 38.01 -28.11 21.19 18.74 47.7 -20.6 -18.57 24.92 34.39 -12.39 -17.91 -14.47 32.21 47.58 44.84 10.66 -25.36 26.32
-27.87 6.23 41.13 23.69 26.68 -2.11 -2.04 8.85 -10.45 21.9 16.79 15.78 44.49 1.58 0.83 10.19 26.73 -3.68 -9.52 21.9 -24.53
-2.04 -22.73 26.21 -28.08 -20.64 -23.27 43.21 26.0 48.9 35.75 19.85 -10.54 -15.41 46.63 -25.17 14.52 13.14 -16.55 41.56 12.14
49.66 34.49 45.84 -10.29 7.39 -19.11 -14.56 3.45 0.18 -27.28 36.43 25.05 49.63 -1.0 -3.38 -1.7 -23.11 28.11 -6.61
49.94 23.13 38.99 44.77 16.37 -12.77 -21.54 7.61 40.06 29.08 7.04 26.3 22.18 18.24 38.98 5.77 43.72 -1.77
10.44 35.73 24.17 29.06 -10.49 -12.1 -4.8 16.66 -16.14 20.28 -0.09 -6.57 26.51 5.98 7.23 13.58 42.95
18.03 7.41 -11.29 20.46 0.64 12.04 29.04 -9.32 39.25 -3.46 47.34 15.12 0.95 44.15 5.04 -14.56
35.6 -13.7 1.7 -5.99 7.41 -11.15 -12.71 8.62 -15.22 -15.15 47.08 -15.28 37.28 -4.81 3.85
-18.06 32.2 -26.63 -29.02 11.3 5.67 -4.86 -3.58 -15.26 15.39 -8.27 20.81 -0.1 5.53
-23.22 3.67 -8.71 -21.58 20.84 0.59 33.72 40.02 1.88 -23.49 2.32 -8.65 21.54
-7.69 30.12 23.8 45.0 37.56 28.44 -3.04 -0.3 -12.05 36.54 -1.69 14.67
33.42 29.24 -22.17 -29.57 -9.23 42.67 -2.47 14.48 -27.8 -1.35 7.69
13.13 5.15 12.64 27.64 -18.86 38.28 28.38 40.6 0.06 47.69
6.32 -22.13 12.69 -14.74 28.61 44.9 48.12 39.67 37.21
44.08 -13.92 43.84 48.09 22.83 11.83 16.07 -16.78
32.23 -7.96 5.71 -21.57 18.02 10.07 6.76
-23.28 39.51 34.27 12.99 27.86 -9.12
-5.52 33.83 38.91 20.83 -29.71
-1.37 -3.92 45.94 24.49
18.96 -27.9 28.7
-3.15 18.12
23.9
