50
25 25 25 25 25 25 25 25 25 25 25 25 25 25 25 25 25 25 25 25 25 25 25 25 25 25 25 25 25 25 25 25 25 25 25 25 25 25 25 25 25 25 25 25 25 25 25 25 25 25
3 4 6 8 13 14 15 16 19 20 21 22 23 24 27 28 30 31 32 36 37 38 39 40 46
1 3 4 8 10 13 14 15 16 23 24 25 27 28 30 31 35 39 41 42 44 45 46 47 49
3 4 5 6 8 11 12 17 20 23 26 28 29 31 32 34 36 38 39 41 42 44 46 48 49
1 4 5 6 7 9 10 11 13 14 18 21 24 25 26 27 30 32 34 41 42 43 44 46 50
1 2 7 9 10 12 15 17 20 22 24 25 26 27 30 31 32 34 36 37 39 46 47 48 50
2 3 4 6 8 10 11 14 15 16 17 18 21 22 29 30 31 32 34 35 36 38 39 43 49
2 3 5 9 11 12 13 16 19 20 23 24 27 28 30 32 33 35 37 38 39 40 42 43 47
1 3 4 7 10 12 15 16 19 20 21 22 23 25 29 31 32 33 35 37 41 43 44 46 49
2 3 4 8 9 14 15 17 19 21 23 24 27 29 30 32 35 37 40 43 44 45 46 47 50
5 6 7 9 10 11 12 13 14 15 16 18 19 20 26 28 29 30 34 39 40 42 45 46 50
3 6 8 9 10 11 13 14 16 17 18 19 23 24 25 30 31 35 36 37 39 42 43 46 47
1 2 4 6 7 8 10 15 16 21 26 27 28 31 33 34 35 36 39 41 43 44 46 47 50
5 8 10 12 14 16 17 20 21 22 23 24 27 28 29 30 31 32 34 36 39 40 41 42 44
5 6 7 8 9 11 13 15 16 17 21 22 23 25 28 29 30 32 35 37 41 42 46 47 49
1 3 4 5 7 10 11 13 15 18 19 20 22 23 25 27 29 32 33 34 36 40 42 43 50
4 5 6 7 8 9 11 23 24 25 28 32 33 34 36 38 39 40 42 43 44 45 46 48 49
2 4 5 6 9 13 14 17 18 19 20 23 26 28 29 30 31 32 35 39 44 46 47 48 50
1 4 6 7 8 9 15 16 17 18 20 21 23 25 27 30 33 34 37 38 40 44 45 48 49
1 3 4 5 7 11 12 13 15 19 20 21 24 25 26 27 30 32 33 37 38 42 43 45 49
1 2 3 4 11 15 16 18 19 20 22 25 26 27 29 31 32 34 37 38 39 41 43 46 50
3 4 5 7 10 12 13 16 17 19 22 25 26 27 31 33 38 39 42 43 45 46 47 49 50
1 3 4 6 7 8 10 11 12 13 17 21 22 26 27 30 31 32 36 38 39 44 47 48 50
3 4 5 9 10 11 13 14 17 20 24 26 27 29 31 32 34 36 40 41 43 44 45 46 49
1 4 5 9 13 14 15 17 18 20 21 24 25 27 28 29 30 33 34 37 39 43 46 47 49
1 3 8 9 10 13 15 16 17 19 20 21 22 26 29 32 33 34 36 38 42 43 45 47 48
1 5 6 10 14 15 18 19 20 23 25 27 29 30 31 32 33 38 42 44 46 47 48 49 50
7 9 11 12 14 15 16 18 19 25 26 27 29 30 32 34 35 36 37 38 40 41 42 46 50
3 4 5 6 8 9 10 12 13 18 19 20 21 22 23 27 29 30 32 36 38 42 46 47 48
2 3 5 6 8 9 11 12 13 14 17 20 23 24 32 36 37 38 39 41 43 44 47 48 50
3 5 6 9 14 15 16 18 19 20 21 23 25 26 28 29 30 31 33 37 38 39 46 47 49
1 2 3 4 5 8 13 14 15 17 20 21 22 29 32 36 37 38 39 40 42 45 46 48 50
1 3 7 8 12 13 14 15 16 17 22 25 27 29 30 35 36 38 39 40 42 43 45 47 50
3 4 7 11 12 13 14 15 17 21 22 23 24 25 26 28 34 35 37 38 40 43 44 49 50
4 6 7 9 13 20 22 23 24 26 27 28 30 31 32 35 36 40 41 43 44 45 46 49 50
1 2 4 8 9 10 12 14 17 19 20 22 28 29 30 31 33 34 35 38 40 42 43 44 47
1 2 5 12 13 14 16 17 18 20 21 26 27 28 29 30 32 33 35 37 39 40 44 48 49
4 6 7 9 11 13 14 15 16 17 21 22 25 26 31 32 33 34 38 40 41 42 46 48 49
1 2 3 6 7 12 15 17 20 21 23 24 29 31 32 35 37 39 41 43 45 46 47 48 50
1 3 4 5 7 8 9 12 13 14 15 16 19 22 25 26 27 36 38 40 42 45 47 48 49
1 5 6 8 9 10 12 13 16 19 20 21 22 23 24 33 36 38 41 43 44 45 46 47 50
1 5 6 8 9 13 15 16 19 20 21 24 27 29 31 33 36 37 38 42 43 45 46 48 50
5 6 7 11 14 16 17 18 19 20 23 24 26 30 31 32 35 36 39 42 44 45 46 47 48
1 5 7 8 10 11 13 15 16 21 23 27 29 30 32 33 34 36 38 40 42 45 46 47 48
1 2 4 7 8 10 11 12 14 15 20 21 22 23 26 28 29 31 33 37 39 42 44 48 50
4 5 12 16 19 22 23 25 26 27 28 30 31 32 33 36 37 39 40 41 42 43 45 48 49
2 4 8 10 12 15 17 18 19 21 22 24 26 27 31 32 34 38 39 40 41 42 43 45 49
1 2 3 4 6 8 9 10 12 14 15 23 28 29 32 35 37 40 42 43 44 45 46 48 50
3 5 6 7 12 13 14 18 21 23 25 29 31 33 35 36 39 41 43 44 46 47 48 49 50
1 3 5 8 14 17 18 19 21 23 24 26 30 31 32 33 34 36 40 43 44 45 48 49 50
1 3 4 5 6 7 16 18 19 21 23 24 26 27 30 35 36 37 40 43 44 45 46 49 50
32.47 -30.07 -29.65 35.85 -3.41 -46.98 14.02 17.23 -25.31 26.17 -22.94 -9.31 8.9 -16.26 -5.58 -9.42 -15.29 48.96 31.94 2.1 -25.64 -9.36 -22.0 -31.15 -40.4 18.6 45.76 -2.29 12.44 36.26 -8.54 46.49 -46.08 15.89 -21.5 -27.8 -18.3 -6.1 -8.32 -1.38 46.59 28.93 -43.53 25.2 23.54 -37.68 45.31 31.49 38.58 6.95
22.16 -41.82 28.88 -14.99 11.73 4.43 -34.09 -21.67 42.93 13.3 25.05 -9.62 28.68 -42.52 -37.58 2.36 5.84 6.78 -35.15 -24.07 -44.47 -17.42 29.5 -40.39 22.67 -45.19 26.48 -30.91 -48.23 -41.54 -47.14 23.71 2.78 -0.43 -5.54 15.47 16.56 14.88 -11.13 5.6 30.17 -5.67 26.52 49.61 -23.83 -18.05 -33.96 10.32 17.13
37.72 4.03 -38.3 4.43 -4.34 12.23 -39.16 43.89 30.32 17.81 21.64 -30.12 47.63 33.92 36.1 49.03 30.65 -20.27 -11.82 9.49 -9.07 43.23 44.28 -3.75 -8.19 -49.68 -21.79 43.09 -36.19 -18.76 -24.14 -29.37 23.7 -49.2 15.52 9.63 -41.65 47.85 -44.81 -0.68 17.22 -37.35 -19.93 -48.88 6.76 35.74 38.01 36.74
-3.05 -26.27 16.25 -37.04 39.33 -28.04 8.93 -0.85 -40.0 -36.45 -44.75 -13.17 -29.47 -19.93 11.43 -28.48 -8.92 -44.07 -44.92 6.01 22.31 -8.38 -24.06 -7.02 -20.86 25.0 41.12 -18.19 23.44 -8.85 43.72 -44.7 25.69 -39.26 -7.72 -9.69 11.34 13.26 -8.86 10.17 -14.83 38.0 -49.4 -29.86 22.66 -46.23 -17.66
-13.45 -46.78 -31.45 16.07 -10.37 31.07 -19.78 -15.64 -18.35 45.9 -41.66 20.61 -20.08 -44.43 -11.51 -7.18 -14.69 -38.65 -5.61 1.83 39.68 5.85 45.38 4.2 -35.68 -49.98 -48.61 38.26 -27.22 9.06 -31.45 -31.33 -45.15 -4.86 -25.33 -35.58 -40.03 1.25 18.71 -30.69 -31.49 38.26 -49.65 -9.47 24.73 -35.87
35.44 30.76 31.71 -39.84 28.47 -25.88 -4.22 -25.33 -30.26 47.84 -9.51 17.88 -42.69 -15.1 49.87 -37.41 -47.41 10.72 -46.57 1.74 -1.33 41.63 0.67 5.76 -11.94 -14.39 10.29 44.9 -22.27 32.69 -0.98 -21.13 0.8 -40.08 9.18 49.77 -40.78 3.61 42.47 -14.11 -39.75 30.47 -2.32 23.56 37.06
-9.47 1.25 -40.57 -1.26 -2.2 -47.78 12.22 -4.35 30.27 8.07 47.98 -31.11 -7.83 2.25 27.1 -7.6 -1.19 5.83 -44.16 -3.71 -35.46 -11.36 43.11 42.9 34.65 31.52 19.76 -27.77 25.39 33.64 -24.02 -30.82 -21.08 -0.43 20.25 30.43 15.64 -1.93 -34.49 -13.26 20.31 -2.13 -48.95 -3.35
3.1 -18.6 -0.88 -26.94 -17.97 25.96 32.19 -24.07 10.64 18.18 -36.11 -20.53 -1.72 32.94 -28.82 -44.43 45.96 21.33 6.44 37.04 8.25 -49.1 -9.89 -17.59 -2.46 37.65 37.45 32.28 -29.63 45.74 -44.21 -23.08 14.2 10.53 9.9 24.28 30.64 -25.64 -32.4 -46.11 44.19 -13.64 -6.16
-47.6 9.22 49.56 -22.02 3.77 -8.56 40.26 -3.28 -23.41 44.73 -14.98 48.47 20.51 0.24 44.29 -36.33 -30.56 48.54 -28.64 -7.08 20.05 47.39 -46.62 29.75 -20.46 -35.07 4.84 48.49 -17.92 -11.64 20.66 -18.64 17.41 -14.54 12.39 -36.16 35.0 44.53 -12.61 -12.29 37.85 -43.98
-48.49 2.95 -49.5 -7.29 -29.13 -18.12 -1.83 -46.53 -0.92 6.95 -26.24 -2.18 -25.83 -23.52 33.2 -47.36 -18.32 13.62 8.0 2.15 -19.74 42.85 -16.09 42.75 -22.07 -46.69 6.09 -25.22 26.23 -38.67 44.94 -19.73 -16.35 17.05 -43.9 -7.27 -26.77 21.25 35.48 -3.22 38.74
44.39 35.09 -1.89 -17.61 -14.65 -27.49 11.69 -0.6 37.84 -2.23 42.95 -34.03 -46.2 36.16 -18.15 1.34 40.04 -24.87 38.79 -46.99 32.44 -28.33 8.0 -19.44 -21.91 40.65 29.99 36.54 36.14 19.53 17.05 17.4 -23.41 -41.71 40.25 -0.99 2.75 -43.54 46.65 -15.79
-16.01 -23.42 46.05 1.59 -26.03 31.86 28.49 27.47 21.2 -43.27 49.51 28.13 -27.52 26.1 31.82 -4.49 10.33 33.16 -15.42 38.08 11.98 -45.1 -18.17 16.79 -37.53 14.05 -27.47 9.82 3.95 -37.13 29.18 6.02 11.51 49.32 -31.47 -19.99 28.6 14.02 -1.91
-20.5 -15.09 31.42 -15.16 6.0 -15.66 46.88 -45.5 21.32 -34.26 -6.45 -39.33 38.02 -22.59 -38.44 -36.41 -43.56 49.54 -45.59 15.69 -32.52 -35.58 31.62 40.29 -7.7 -41.78 -47.48 38.63 42.75 38.43 -37.73 17.01 -12.92 -0.09 -28.29 18.33 -6.8 -39.49
-31.88 2.24 -26.33 42.84 17.85 35.4 22.92 8.45 -11.59 -46.89 41.74 28.79 32.59 -25.61 -10.22 6.69 -33.34 -37.36 16.66 -34.32 -49.25 6.19 36.38 -12.75 15.91 0.09 -33.73 -45.94 -9.95 -41.71 -15.46 6.86 44.17 -46.03 -31.93 -44.45 41.83
-22.43 0.33 -4.34 23.04 37.33 40.51 13.08 28.79 -37.23 40.68 4.14 -49.97 -9.99 -4.36 -29.61 2.01 17.53 -17.64 6.82 -17.54 0.32 -34.82 -25.92 -49.19 19.29 11.92 -32.91 5.69 28.34 48.41 0.79 -27.27 -17.5 3.4 -24.07 -47.52
-11.47 -34.75 -44.99 -12.24 -3.74 44.61 -18.01 10.08 17.01 10.21 9.4 37.81 22.23 -23.43 2.09 20.11 4.96 -23.61 35.45 -10.62 -8.48 -4.54 13.92 -49.75 -12.27 45.29 -35.45 -43.11 -11.62 10.12 38.97 -2.13 27.65 9.55 22.76
38.49 20.34 -49.77 24.45 -48.09 48.81 10.81 -27.76 -45.75 45.42 42.75 13.01 -40.1 -47.68 -41.25 -17.67 -20.38 -25.76 31.18 -49.32 43.58 -36.94 15.49 6.34 -27.89 7.39 9.58 -31.76 28.89 38.28 -32.96 26.65 -13.47 26.94
0.09 -28.22 27.18 31.45 -31.96 19.13 26.48 41.54 48.4 -37.33 17.17 36.29 29.0 -41.3 -24.74 -2.95 -39.02 13.97 -5.97 -25.54 -16.4 2.47 -12.58 13.35 0.21 -18.73 5.9 38.13 43.75 19.59 39.91 -35.55 12.76
43.22 -39.78 24.69 33.25 12.88 -26.72 -49.88 -31.59 -39.73 12.31 43.11 6.36 4.84 -45.22 5.75 -14.78 41.1 35.99 -6.89 -47.31 -15.89 30.66 -17.14 -45.42 -25.62 4.21 22.64 -20.93 -40.26 -28.45 12.0 -47.74
20.09 -44.71 -3.9 -31.54 -40.35 -1.23 -5.94 28.23 -38.61 -41.41 31.23 -34.06 38.29 16.32 -11.06 40.63 27.98 43.45 -10.98 7.52 41.72 30.36 -0.64 21.76 -8.94 8.77 45.51 -40.02 -44.69 37.95 -31.14
-18.06 23.5 -48.66 16.25 12.47 32.99 9.27 -31.34 20.83 -22.39 -48.7 19.55 -6.3 44.44 -8.59 5.0 13.53 -49.49 44.31 37.37 19.67 -3.49 29.91 10.2 21.48 -0.73 16.46 -42.48 -5.06 9.88
-10.08 -22.0 -0.72 -10.43 25.65 27.45 21.96 4.23 48.59 -46.28 1.19 -5.78 28.93 7.07 25.13 -33.31 -49.15 -40.29 -24.25 36.09 -25.62 22.02 44.57 42.47 42.39 -2.47 -16.79 3.65 3.51
15.84 4.33 -29.0 13.71 -17.14 20.19 -22.46 2.4 -15.2 -29.11 -39.34 -13.71 32.01 -2.64 36.1 14.81 16.04 23.7 32.48 7.12 49.77 -14.61 14.75 -24.14 45.74 17.05 35.05 -19.66
-1.15 -36.8 -40.95 34.96 -7.59 39.47 49.81 -25.74 11.18 -16.1 24.46 -23.95 45.44 25.39 49.13 43.8 -22.68 44.63 12.1 -21.35 38.36 -20.73 -17.59 -8.55 8.4 -24.94 21.62
10.19 -30.91 20.7 -3.1 17.85 -39.74 -12.19 0.19 -48.08 43.47 4.51 -6.48 9.14 40.3 -12.83 32.38 46.12 24.16 27.59 -21.93 -36.88 29.12 -8.91 -23.95 25.09 2.71
32.93 -20.7 44.72 25.05 -30.03 -21.67 9.84 -44.31 33.89 15.99 -30.7 -39.54 -42.31 46.53 38.34 -43.39 -22.04 25.25 -41.1 1.02 17.81 3.65 37.82 -34.28 38.54
-47.14 -33.88 14.13 7.21 -35.1 47.51 -46.2 4.5 -47.48 -27.29 14.8 -1.95 -39.64 -30.31 36.32 -19.27 -40.68 -32.37 31.81 20.42 -0.4 32.17 0.14 -1.31
-2.23 -21.93 -7.43 -41.19 -19.25 -48.36 -32.0 39.09 23.56 11.17 -37.76 -47.86 17.79 -28.0 49.61 -12.43 30.43 26.74 -35.75 5.27 -24.91 8.74 -32.21
-23.92 -48.32 -48.06 -47.32 11.61 15.68 -28.03 -9.87 33.58 -19.81 39.73 -42.7 -48.21 -28.67 -39.75 28.42 14.45 41.68 -36.89 48.63 15.64 2.65
2.78 16.64 -30.73 -44.25 8.04 1.85 -31.5 43.78 10.31 11.91 -46.94 -11.46 5.14 20.69 20.4 45.36 26.56 21.36 -15.38 37.42 8.72
-33.13 24.63 10.98 -30.7 34.07 -21.88 -27.75 7.6 23.79 2.42 -9.22 -18.58 19.71 -8.99 -29.3 -8.57 -42.19 19.78 30.2 -14.32
-27.48 -3.45 32.57 -41.17 -17.18 2.15 42.2 -31.12 -7.15 -9.98 37.67 -27.17 -1.57 22.06 -49.07 -12.68 6.21 8.61 -24.03
-33.11 5.54 5.53 -28.8 29.04 39.28 36.49 40.48 42.01 -41.7 -4.1 24.96 23.18 24.65 41.14 -25.37 1.39 -40.07
-32.96 34.58 34.62 36.96 -14.1 -45.26 -21.86 -9.89 -36.8 47.74 -14.92 -21.23 48.14 -6.23 -18.28 5.39 35.07
-37.65 -5.78 5.0 -2.75 11.01 21.15 47.23 -8.14 -48.49 6.99 -15.19 -43.84 -13.17 -14.1 -12.69 13.53
42.45 -6.91 19.3 10.8 -23.03 25.91 40.17 -28.58 13.91 5.17 -32.77 27.08 -34.86 38.93 -41.53
46.93 -42.78 42.61 14.61 -20.8 -45.95 -26.46 3.48 -24.41 -8.49 13.55 -40.65 -34.23 -3.55
46.98 23.17 -45.37 31.41 15.55 24.74 49.27 -31.58 3.48 11.36 12.13 -22.47 -48.0
-36.14 38.48 -33.22 -36.17 43.53 11.24 -14.87 -12.75 33.65 36.55 1.81 -36.35
-15.15 24.37 7.88 19.37 22.84 11.31 5.16 -9.71 -49.92 0.91 23.19
-25.51 20.25 -12.8 21.16 -10.67 26.83 -1.35 9.45 -38.06 9.17
38.4 43.87 -2.16 -7.71 -46.17 -10.62 -27.65 45.9 41.98
-2.52 24.03 27.08 37.06 -37.64 -6.85 -23.59 32.39
33.23 -18.1 -1.62 -15.59 6.81 10.22 -34.32
-45.86 -32.23 9.86 -10.86 -4.73 34.58
36.0 3.89 -32.11 17.16 -29.66
-8.49 38.09 -8.29 -24.23
0.74 29.66 2.7
-30.39 0.79
-31.46
