25
12 12 12 12 12 12 12 12 12 12 12 12 12 12 12 12 12 12 12 12 12 12 12 12 12
1 2 7 9 11 13 14 16 18 22 24 25
2 4 5 6 7 8 9 16 19 21 23 24
2 4 7 10 12 13 15 17 21 22 23 24
1 3 10 11 13 14 15 16 17 20 21 22
5 6 8 9 10 11 12 17 18 19 22 25
1 3 5 6 10 13 16 17 19 22 23 24
5 6 13 14 17 18 19 20 21 22 23 24
1 2 4 7 8 10 11 15 16 18 20 25
1 2 5 7 9 10 15 17 18 20 22 24
3 6 7 8 9 10 12 13 15 20 22 23
3 4 5 6 8 11 13 15 17 20 24 25
1 8 9 12 13 15 16 17 19 20 22 23
2 5 9 12 13 14 15 19 20 21 24 25
2 5 10 11 13 14 15 17 19 20 22 23
4 5 7 9 10 12 18 19 21 22 24 25
3 4 5 7 10 13 14 15 18 22 24 25
1 2 4 5 6 9 11 12 19 20 21 22
1 3 6 8 10 11 14 15 19 21 22 24
1 2 3 7 9 10 12 13 16 21 22 23
2 4 12 13 14 16 17 20 21 23 24 25
2 3 4 5 6 11 13 15 17 18 19 24
1 2 5 6 10 11 12 15 17 18 23 25
1 2 4 7 10 11 12 17 20 21 24 25
1 2 3 4 7 11 12 13 15 18 19 24
1 3 4 5 8 9 16 17 18 19 21 25
-26.31 29.04 -39.11 22.66 -21.88 -38.09 -22.25 -22.92 -44.26 31.73 5.39 -12.48 12.75 -28.21 -45.5 40.18 -37.71 37.18 -20.83 -49.39 39.45 -36.42 -29.58 38.37 -23.23
32.2 13.14 -37.38 -42.66 -36.08 -49.03 -28.58 -1.51 40.03 8.46 -35.09 4.79 -29.64 15.84 5.55 17.29 -43.58 -17.91 13.53 -37.47 7.72 -8.56 -25.37 -17.2
5.47 11.89 -19.53 -28.51 -18.62 28.62 -34.33 -3.17 -13.23 -46.66 -32.33 -36.54 -38.15 -30.78 25.16 32.06 -19.76 15.35 6.46 3.79 -2.41 -8.6 46.15
13.38 -10.36 32.45 -4.93 31.89 -15.04 41.34 33.75 12.77 8.33 -39.63 -48.13 -49.09 -42.05 36.97 -18.88 23.15 26.37 32.06 -18.31 46.76 -4.66
40.81 40.26 22.43 -28.9 -45.78 15.37 3.22 1.84 38.75 13.01 40.81 41.28 -24.8 11.85 -38.01 44.2 20.89 8.73 -44.86 2.05 36.79
14.23 -39.93 20.0 -28.57 -31.71 1.3 33.02 -10.34 -37.91 26.42 29.47 48.13 -30.82 38.3 14.53 -6.33 39.63 -37.09 -18.8 -38.33
-8.02 -0.45 -6.89 0.14 29.66 -20.54 46.06 -23.21 17.77 2.82 -40.9 33.42 -25.73 -5.99 6.15 -26.78 -34.0 -5.54 40.65
17.0 17.84 47.21 -46.02 -22.95 -24.3 29.89 -28.88 -8.51 -36.11 -19.41 -23.14 -19.79 13.15 -17.71 -5.29 27.04 32.2
1.66 -34.22 -13.39 -41.06 -7.5 -16.66 8.96 31.33 17.56 43.84 5.93 -14.02 -13.87 -4.57 30.24 17.72 -49.17
-10.48 40.56 8.47 18.46 -10.82 -17.46 44.38 34.37 -12.37 44.81 10.64 -5.98 42.64 -29.05 -45.65 -24.99
2.2 45.49 -3.91 24.4 7.48 -39.02 49.72 -26.98 3.53 -16.86 39.39 -2.57 29.09 42.26 -3.21
17.51 -9.66 -36.7 -24.2 -30.81 47.2 -4.58 -40.89 23.66 48.12 -12.68 -0.64 -23.53 48.41
42.11 25.89 0.6 -11.83 -10.07 -7.79 18.0 3.66 -45.97 18.64 -45.96 25.14 -33.55
-11.76 -49.85 32.53 4.39 -38.42 -17.9 -45.33 40.93 -19.44 1.14 -29.89 -19.68
-2.88 36.76 10.04 2.35 30.46 6.13 -12.34 17.51 46.8 9.35 -36.93
-6.82 -6.54 -25.9 30.48 18.01 -3.62 -42.41 -14.55 -2.53 -15.05
26.41 43.22 -14.25 9.27 -43.7 -27.04 14.71 10.72 6.07
-42.88 20.34 1.17 -45.02 9.69 -49.04 -49.68 -33.14
8.42 -12.08 -5.76 46.78 -28.52 -1.78 2.15
30.61 -16.17 -28.9 -13.16 -49.55 -48.77
14.65 31.74 -16.3 41.5 10.47
-18.5 4.78 42.78 46.44
-12.78 -24.36 -35.01
35.42 39.11
-7.82
