25
16 22 6 18 3 4 1 7 10 22 1 3 1 2 5 3 11 4 10 2 5 11 10 4 11
1 3 4 6 7 8 9 10 11 13 16 20 21 22 23 24
1 2 4 5 6 7 8 9 11 12 13 14 15 16 17 18 19 20 21 22 23 24
13 14 16 18 23 24
2 3 4 8 9 10 11 12 13 14 15 17 18 20 21 22 23 24
22 11 6
25 18 4 14
16
1 2 5 8 11 21 24
4 5 9 11 15 16 18 19 24 25
1 2 3 4 7 8 9 10 11 12 13 14 16 17 18 19 20 21 22 23 24 25
3
25 1 13
19
3 15
7 8 12 17 23
17 2 11
1 4 10 11 14 15 18 19 23 24 25
20 21 24 16
1 3 4 6 9 10 12 14 17 21
20 7
5 10 14 18 20
1 4 8 10 13 14 16 17 22 24 25
2 5 7 11 12 13 17 22 23 25
25 9 16 24
7 8 9 14 17 18 19 20 21 22 23
-14.89 46.15 23.59 -41.98 9.36 -12.26 20.92 45.46 -40.81 -1.88 -47.09 45.77 -17.03 22.95 13.93 -5.85 -47.94 -9.7 -0.65 -40.6 -46.88 -26.22 -30.69 -23.44 43.13
-14.68 -34.76 -26.68 42.82 0.27 43.85 -42.32 4.66 -9.78 -46.5 -48.37 45.52 -25.26 43.13 -30.35 -35.84 -10.97 39.64 -31.09 17.86 -14.02 -47.05 -2.82 14.99
-19.28 35.18 -8.73 32.18 -48.35 -33.53 -13.11 -29.15 -21.45 -22.18 -6.92 -46.21 14.44 -22.94 -27.89 7.57 -34.37 -42.75 23.47 -33.12 41.48 21.38 2.88
38.91 -4.9 5.68 18.39 46.9 20.72 26.36 -24.85 27.65 -40.72 39.61 48.3 -36.29 -36.03 -43.01 43.88 2.61 -47.2 -0.96 20.31 36.49 49.48
-17.51 -17.4 -19.6 -12.78 -31.08 -11.53 6.61 40.48 -3.67 16.16 5.99 -47.58 -35.65 43.78 17.29 37.43 -11.43 26.1 45.22 -46.35 -43.21
5.2 -48.18 -12.05 13.9 17.64 -43.33 -4.13 -26.01 29.04 5.8 -26.92 22.21 22.94 37.96 -44.48 15.1 -2.48 -9.21 30.09 27.93
10.76 -17.03 4.87 29.49 -43.17 24.47 -30.98 -31.08 -5.59 -45.56 46.67 -6.47 -21.59 23.65 -17.26 48.26 29.78 25.8 -38.86
-20.17 3.12 -21.58 19.87 -28.8 4.65 -8.25 -1.43 35.99 -34.98 -4.25 -6.08 30.95 33.6 -10.34 -6.5 -7.68 -30.95
22.45 19.72 22.44 -42.12 -3.41 47.12 -43.64 32.47 45.0 -4.01 -31.0 -8.59 -21.67 -13.5 6.5 2.4 -12.78
-8.55 -13.84 -33.56 -25.98 -0.96 5.12 -29.22 11.17 -41.37 20.3 -31.56 48.92 -25.57 -23.99 22.72 -37.91
-14.56 -4.48 28.63 -9.93 -9.9 13.42 10.57 -7.24 23.81 -4.07 -41.77 34.86 -22.49 46.15 38.95
48.22 48.56 46.04 -45.6 -11.34 -4.1 -47.07 -3.37 -35.57 -27.41 -29.75 38.64 -47.29 38.34
32.34 27.36 46.08 -19.64 7.88 -8.45 -42.47 -39.25 -11.03 -46.76 25.99 33.96 -13.02
20.39 -9.71 -21.42 29.79 37.49 8.97 -10.53 -47.05 -21.32 -12.23 -7.01 -0.46
17.68 -26.32 -9.49 -49.49 -26.91 -16.29 -29.58 31.61 11.49 -34.24 -30.58
-44.52 -38.07 -28.84 -16.19 7.97 30.42 25.71 -15.63 21.12 -12.99
-42.99 4.79 49.73 -11.93 21.25 -14.31 -30.72 -41.4 -4.03
-0.61 -26.29 31.47 -6.8 24.05 -30.89 22.56 -48.67
6.13 -35.54 7.87 3.16 -6.96 -18.84 37.71
-42.37 45.49 -0.2 12.48 15.35 29.78
6.33 31.87 -21.79 39.34 0.94
-10.92 -37.31 11.6 -42.24
22.97 2.75 26.08
-10.47 41.78
13.97
