100
52 5 29 6 6 23 19 1 7 11 2 2 17 12 18 1 3 10 4 27 3 9 2 4 9 1 19 1 11 18 12 3 1 20 9 8 10 7 12 20 1 7 10 1 7 1 1 44 7 5 7 3 1 20 16 3 35 2 17 13 15 3 47 31 8 2 11 2 2 18 12 3 2 43 5 4 1 2 11 1 7 16 2 11 1 4 10 1 12 1 4 8 4 3 27 17 6 2 1 7
1 3 5 8 9 14 16 18 19 20 21 22 23 25 26 27 28 31 34 35 36 39 40 44 46 48 52 54 55 56 58 59 60 62 63 65 66 68 70 71 72 73 75 76 78 80 86 88 91 92 94 95
16 81 92 29 32
9 11 14 16 18 24 30 31 37 40 42 43 45 51 53 56 59 60 64 66 67 77 79 84 86 87 93 95 98
66 34 39 71 55 90
37 75 85 56 58 64
6 13 16 20 24 28 29 36 39 41 45 49 51 54 62 69 72 73 78 79 88 94 96
1 19 20 21 35 38 40 41 43 46 47 51 65 68 79 87 90 93 97
14
42 75 79 82 85 23 58
65 46 80 49 85 22 23 88 86 30 96
1 2
52 40
97 67 69 28 42 43 11 77 45 17 82 20 84 55 56 60 62
34 66 2 38 7 42 74 44 47 80 29 31
33 34 35 99 44 50 19 52 21 22 86 88 57 90 60 61 63 96
94
58 59 71
98 68 69 73 74 44 45 85 60 30
81 84 54 14
4 10 14 15 19 24 29 31 32 35 37 41 43 51 55 58 59 68 70 76 80 86 87 93 94 95 98
11 44 75
97 72 42 74 14 15 16 82 59
18 64
95 43 39 40
3 100 78 79 17 49 90 59 95
98
3 4 6 8 9 14 22 28 31 36 45 50 62 67 73 86 90 94 96
82
98 40 10 13 47 18 20 52 90 30 32
90 67 71 75 14 79 32 18 85 21 87 55 57 58 60 61 62 96
90 67 11 46 85 87 57 26 27 28 62 95
97 45 8
22
5 14 20 30 34 35 36 37 39 40 58 70 80 84 86 88 90 92 93 98
5 8 73 49 50 51 87 56 31
65 73 42 77 16 20 85 86
33 12 49 51 21 87 89 90 30 31
68 11 46 48 18 93 64
2 67 5 8 40 76 44 78 16 81 22 63
2 4 15 20 27 30 39 40 50 57 59 64 65 70 72 76 84 85 93 100
96
97 34 9 77 52 21 60
34 11 29 50 20 54 87 56 93 32
76
71 77 54 63 60 62 31
96
9
2 6 7 8 10 11 12 13 14 15 17 18 22 25 31 32 33 37 42 44 45 48 49 50 55 57 58 61 65 66 68 72 76 77 78 81 83 88 90 92 94 95 99 100
3 69 7 8 74 49 24
97 99 12 20 61
65 2 9 17 50 90 30
81 34 3
51
2 15 22 26 37 39 40 42 46 47 49 51 53 57 63 67 72 77 86 100
3 72 11 12 79 48 17 15 83 84 50 23 56 26 92 96
10 21 72
3 7 11 19 20 21 23 24 25 27 28 31 36 37 38 40 44 46 47 58 64 68 69 72 73 74 75 78 80 82 83 84 86 88 91
98 83
34 99 100 5 38 11 46 48 81 82 17 54 89 90 91 60 94
33 4 73 75 16 51 85 86 92 93 64 31 32
37 39 47 61 81 51 20 21 19 55 84 90 27 93 62
91 55 23
2 3 4 8 9 13 16 17 21 25 26 29 30 33 37 40 41 42 43 45 49 51 56 57 58 59 60 61 62 65 66 67 72 75 79 81 84 86 87 88 89 90 92 93 97 99 100
4 7 10 12 18 21 23 27 28 35 37 47 49 53 54 55 58 60 62 65 67 68 76 77 78 80 84 87 88 89 91
65 36 41 48 16 19 53 94
41 99
34 36 37 41 14 80 83 85 22 54 92
100 55
86 38
34 3 70 7 40 28 76 45 78 12 82 19 54 23 57 92 29 64
3 27 71 9 73 78 48 56 26 91 92 63
90 44 38
13 7
1 2 3 7 8 9 11 15 17 20 22 23 26 27 28 29 32 33 37 38 41 46 50 55 57 62 64 65 66 69 72 74 79 80 84 87 88 90 93 94 96 97 100
69 54 58 61 62
4 21 7 80
13
27 79
90 66 27 72 9 42 30 95 91 62 63
17
98 6 82 83 53 28 95
97 66 2 36 67 69 40 72 42 15 51 84 56 25 26 93
83 61
72 11 45 48 94 85 23 87 59 92 62
94
82 98 35 76
98 2 100 11 76 45 12 47 16 82
23
33 2 99 36 43 45 49 81 52 58 93 62
4
2 51 20 83
99 8 16 17 82 22 92 94
81 69 63 48
19 35 24
2 9 14 15 23 24 25 26 30 35 37 42 44 45 50 51 54 55 60 73 75 76 79 83 90 92 98
99 6 8 10 92 44 49 50 22 87 54 88 23 28 62 96 32
39 11 12 48 55 56
6 31
26
5 70 44 26 29 96 32
48.67 -12.76 -18.7 -11.9 48.09 -28.54 -16.5 -14.26 12.44 16.43 24.47 -1.69 -13.15 -23.34 8.04 -5.84 14.0 26.05 9.17 4.86 -2.02 -0.72 11.22 -6.04 -7.42 -14.41 36.31 -13.05 -11.78 6.23 37.77 48.28 -25.23 -7.69 -5.34 -2.2 32.58 22.17 -8.16 5.92 23.73 13.19 -5.99 47.43 13.87 42.44 -25.76 2.71 -2.19 -20.98 15.19 -10.6 39.5 36.74 -15.6 10.16 37.32 -11.39 -14.77 6.32 -2.63 7.55 -1.41 31.28 1.65 -24.04 -21.1 -22.29 -10.52 40.15 -14.17 -15.64 46.2 40.91 -23.6 21.97 32.99 -22.73 35.79 -26.18 -25.21 0.43 41.35 -4.84 7.22 15.76 48.83 -12.1 37.99 44.97 46.34 5.03 39.81 14.02 36.87 4.83 23.6 -3.13 -21.17 34.68
14.38 -3.38 -26.9 -15.03 -17.06 9.34 -19.42 47.41 24.46 24.23 47.61 -23.71 -6.97 -15.0 -20.3 -1.53 -11.54 -26.69 -28.24 -17.25 -8.51 4.87 36.23 -16.0 26.77 -13.65 -24.36 -22.45 -10.99 -28.79 19.51 -0.18 1.86 41.26 21.97 37.93 46.75 -2.64 40.81 3.37 -21.07 28.95 -11.65 36.1 38.2 -19.04 44.62 49.51 -4.54 19.19 -9.24 -3.41 11.11 21.23 -6.31 35.88 10.94 16.44 3.76 -0.95 49.68 -19.49 -28.68 -21.93 25.29 9.15 -20.78 30.21 -3.75 44.77 26.34 -22.19 49.34 19.94 43.16 3.12 -5.22 36.39 18.97 -10.46 11.01 -1.32 -22.81 1.35 35.71 43.2 5.08 24.62 7.42 7.09 0.27 12.88 18.49 23.49 23.37 39.52 35.21 22.45 -29.51
-9.04 4.92 1.79 33.36 -6.38 47.94 40.58 32.36 -0.59 -18.74 9.76 46.17 -26.15 -26.78 11.72 40.13 -5.25 28.31 -8.32 -2.92 11.6 -28.4 -18.06 43.8 -1.08 -26.35 -19.98 44.89 27.56 23.02 -10.22 -24.04 17.93 6.77 23.34 32.97 31.73 -3.77 5.1 25.5 -4.89 42.75 -17.14 1.05 24.46 49.57 8.34 10.57 -9.39 -11.56 45.45 49.8 40.26 27.68 23.18 40.69 49.31 32.58 46.49 4.43 18.65 40.67 25.76 -20.5 -3.27 -5.72 17.99 7.79 -6.67 -22.15 37.01 44.61 -10.4 -27.76 34.99 -3.49 26.67 29.24 14.06 40.29 -23.5 27.11 9.36 22.85 49.85 -22.46 28.92 -25.13 -28.0 29.9 15.07 -10.07 29.63 48.11 -26.22 -10.84 -15.48 -4.08
0.96 5.48 -6.63 49.05 29.7 -15.14 16.46 37.64 -1.62 11.63 -28.0 47.96 41.44 7.6 35.34 29.23 28.02 6.27 27.48 -28.76 -20.23 35.71 46.23 38.03 35.59 -16.29 -17.49 44.6 32.45 -16.19 -20.18 32.59 -14.23 38.19 -13.8 45.31 14.11 -17.21 5.06 47.6 -24.89 -7.78 -14.4 -26.29 5.0 22.84 37.78 -16.61 -0.79 1.95 40.49 14.57 22.99 -22.12 19.31 -2.06 -21.3 -26.74 6.49 32.21 30.34 -19.22 -22.03 -8.26 -7.09 17.27 16.6 1.27 26.8 31.18 0.0 44.99 23.32 -2.3 -0.99 45.57 -18.81 38.5 28.26 26.93 7.6 -12.57 17.72 -15.82 24.39 -1.92 20.46 46.98 -17.89 7.37 -24.05 -4.35 -23.31 7.45 -13.77 -10.19 11.75
21.28 44.65 -10.14 43.99 2.61 -24.41 -22.68 45.52 1.54 31.49 43.19 0.46 10.7 15.21 -3.35 -26.9 25.75 -7.64 -24.1 15.83 21.41 -16.36 3.11 19.09 11.93 -17.21 36.88 21.64 -14.49 -25.53 9.75 49.35 6.3 14.98 40.67 3.46 -11.7 0.26 -20.95 -13.47 -4.93 18.94 23.08 32.33 6.06 44.81 20.94 8.63 44.52 -19.09 12.16 3.78 35.92 6.1 -7.39 21.54 48.31 -12.2 -9.68 27.37 7.7 15.38 46.96 35.51 38.72 -25.33 34.85 38.39 5.06 32.24 15.0 3.24 10.61 32.37 -29.96 36.16 1.83 22.06 4.6 -18.19 -11.12 11.09 48.61 3.57 15.94 41.98 44.18 -4.99 -22.96 38.22 16.44 -10.87 1.85 39.5 2.57 -22.36
29.92 -29.66 -23.18 -25.87 42.37 29.67 29.26 -28.48 36.33 -0.93 32.27 21.65 12.51 -13.6 -24.21 44.59 36.0 16.73 -2.89 4.57 -23.09 32.7 0.92 -25.93 -11.59 -26.45 36.38 35.34 -26.12 -18.2 30.12 -16.28 35.08 39.24 48.76 8.01 -16.54 5.85 0.36 4.98 -7.7 23.5 23.09 12.84 48.61 28.43 -1.14 44.02 -25.47 -1.53 -14.14 46.28 39.76 -9.45 -19.58 -8.58 38.25 24.42 -27.47 47.68 -20.81 -18.71 -27.01 -23.32 17.37 10.33 1.23 28.51 22.43 13.38 -6.24 47.36 -2.35 -3.52 14.54 -17.68 5.79 -23.69 2.76 -23.59 47.07 -10.21 20.59 -3.52 11.85 33.75 13.18 48.76 48.18 0.32 7.37 -24.4 -16.5 -27.29 45.92
-16.97 18.59 4.85 24.68 -5.64 -21.8 -22.36 21.96 43.05 -16.9 -10.18 29.4 18.01 -26.41 5.67 4.97 0.61 -11.79 33.48 38.84 2.22 -27.86 49.73 12.29 -12.23 39.54 -7.76 14.61 5.29 42.88 -12.08 13.74 41.85 22.91 -23.33 5.03 45.9 -26.69 6.49 47.76 34.61 -24.3 36.12 37.0 8.85 22.59 23.74 28.6 1.79 47.99 36.78 33.83 2.74 17.13 21.6 -2.83 22.34 -8.03 21.17 15.13 -3.67 -22.25 -9.1 16.1 -14.68 -1.8 32.66 -10.39 41.97 -3.69 7.62 3.43 -23.58 14.31 30.63 26.21 47.62 23.57 -18.61 22.22 35.68 -28.65 47.4 -20.13 19.95 -15.86 1.88 0.2 -1.16 -15.02 -4.47 8.28 -15.06 25.05
12.76 18.75 46.61 -23.59 14.99 -1.94 3.68 12.66 25.27 5.71 9.63 -3.04 -3.92 37.33 -28.19 -3.93 8.73 5.91 15.3 33.0 -13.42 -20.2 -3.75 38.38 45.23 -1.72 28.68 -25.86 43.1 -8.77 4.97 32.22 -26.13 25.27 -21.97 2.03 15.09 19.91 -2.21 -9.21 3.93 23.98 23.96 49.83 0.89 -3.22 29.8 7.77 41.6 9.62 -9.99 -5.98 43.29 28.78 19.02 -26.1 9.52 18.63 -26.0 -26.12 -29.04 -28.21 4.75 -13.29 14.22 18.89 2.83 4.25 47.4 11.14 7.48 35.42 10.37 -16.73 -1.21 -10.65 35.02 38.79 16.49 19.28 20.21 5.75 -26.51 5.04 21.64 38.49 40.84 47.85 17.65 -14.28 11.47 -18.09 17.91
-3.08 1.15 3.88 21.84 -17.34 44.47 32.1 44.02 -22.22 20.1 19.68 -11.22 45.08 39.25 -2.61 -23.31 32.01 33.7 18.48 35.96 47.82 39.82 5.46 -16.93 23.07 7.66 45.14 13.43 -17.18 -21.34 -21.87 -5.95 26.2 1.48 35.65 35.3 19.34 -6.9 46.74 -3.7 7.71 -21.97 3.53 -5.09 30.81 22.78 -26.49 -25.09 29.48 12.25 -2.15 47.45 -5.67 4.44 22.96 -29.76 -4.72 7.66 -27.05 -21.52 19.29 47.7 12.13 47.51 21.92 30.51 -3.47 -13.98 35.5 -12.57 38.54 25.1 48.72 -16.22 15.53 -11.01 3.76 40.68 -13.1 46.13 9.98 -18.32 26.0 -10.49 40.76 -23.68 24.12 20.08 -23.31 29.82 49.24 16.14
31.99 -1.9 -3.86 8.38 36.02 43.75 6.76 1.78 -11.52 -12.72 -16.08 -12.59 25.42 -20.92 35.05 30.31 -7.22 49.41 26.42 -6.05 43.76 30.77 23.79 1.71 29.98 -24.96 -9.67 -6.7 5.67 15.07 -21.05 45.09 -26.8 -25.65 36.05 -28.57 30.02 2.53 20.25 24.23 11.25 32.14 -28.34 -25.44 49.85 22.04 19.48 28.63 -21.67 24.61 5.66 -21.13 -29.82 28.68 1.54 11.04 -22.52 -26.87 -14.95 11.27 -1.07 -24.65 -28.5 33.74 34.02 -10.54 46.04 41.36 34.52 9.13 -25.58 31.99 45.32 37.81 4.6 -29.7 47.44 -22.19 5.69 -10.8 38.79 4.89 -5.72 45.96 28.21 48.95 -3.49 -1.78 22.03 -6.18 -0.74
29.18 14.09 14.3 -20.72 8.14 39.95 29.4 13.32 17.64 5.56 -14.68 9.97 11.27 -1.64 -16.53 -14.11 -23.35 32.56 -15.37 18.52 12.32 7.31 17.62 2.42 8.26 -9.6 19.95 45.73 41.82 20.67 47.81 29.52 14.15 -19.8 26.75 -14.81 41.38 -11.03 -12.6 -15.1 -4.85 36.5 36.09 12.97 -11.93 -25.08 5.0 -29.87 3.47 15.67 -26.98 -13.69 -9.45 22.7 13.52 -18.51 44.26 13.43 -28.91 -8.33 15.17 -19.99 9.68 16.11 -6.92 -17.68 -28.9 12.14 9.92 6.87 -29.56 -29.99 27.17 40.77 39.22 33.38 48.79 1.52 -4.1 37.02 5.29 7.93 -22.4 39.54 47.19 34.02 24.85 3.96 9.46 -21.07
-6.91 24.37 16.84 -9.94 40.72 40.45 -29.69 12.25 -24.77 49.3 16.97 19.12 31.86 21.72 27.64 -0.87 40.67 36.26 -9.43 -17.18 9.46 -4.48 32.64 7.62 30.13 -20.66 12.62 -5.26 -23.71 -18.82 -16.44 14.79 15.06 25.18 28.28 24.81 -8.56 6.01 8.95 43.21 4.82 -17.42 43.28 23.07 -10.31 -19.92 5.72 7.37 -13.05 -6.47 44.94 48.75 40.34 28.56 48.39 32.62 15.38 1.3 -29.45 3.79 31.11 -9.6 -25.77 21.57 -27.14 -5.73 -28.24 46.98 -1.55 35.27 -7.26 -22.48 43.38 20.36 0.84 -6.68 48.99 15.29 21.58 -8.85 9.77 -18.44 47.48 -20.08 -6.74 34.49 36.68 27.56 6.16
19.36 -5.92 -25.0 31.04 8.36 30.66 5.48 12.93 -16.77 33.06 -23.7 -4.05 -10.38 20.63 7.61 10.26 45.12 49.46 10.37 28.78 -2.26 -4.83 24.27 -2.62 -6.07 -27.42 46.32 31.55 -8.29 24.15 39.34 -28.82 2.67 29.6 -2.0 -20.03 11.48 4.35 44.98 -28.37 34.02 -22.83 -5.38 39.94 8.01 4.44 13.64 24.11 -10.33 31.61 35.55 -13.23 3.72 -17.23 7.05 45.83 20.33 20.46 -16.22 48.43 -25.04 -29.79 46.97 49.23 32.27 -15.79 -8.98 31.14 -24.42 -27.26 40.88 37.08 -26.38 44.34 -8.56 14.19 -21.1 40.57 -19.79 4.44 47.33 -12.26 -6.8 30.78 -16.44 -1.27 38.97 10.52
21.45 -15.96 22.6 11.44 5.46 11.64 36.6 21.68 -14.47 8.9 -5.63 4.61 47.54 -16.4 33.39 22.25 9.33 11.64 -19.02 39.53 -9.79 -0.22 28.09 20.05 13.26 13.09 30.05 -5.97 -6.84 -27.18 -5.53 44.03 -29.35 -3.97 -3.16 33.6 -1.98 35.11 6.79 -0.19 24.92 28.61 -29.06 29.97 -21.83 23.82 -18.61 15.89 5.26 5.0 17.01 23.98 -20.58 7.1 25.38 -17.63 24.52 46.58 -0.51 39.73 -20.84 3.53 -29.75 -26.78 37.47 29.51 5.13 12.09 17.09 13.83 35.77 -1.0 38.62 39.45 -13.04 -6.81 0.47 34.29 2.3 47.06 34.78 4.76 16.76 6.39 -3.93 -14.85 -17.96
31.59 48.31 22.01 -27.24 -21.83 -28.51 -24.59 13.79 -8.08 -3.24 35.29 17.06 34.54 -2.32 -14.15 14.16 -26.28 29.74 1.78 32.81 -5.64 -15.5 10.15 -11.35 -28.0 -23.21 -11.79 0.65 -20.68 31.33 9.61 38.88 29.89 36.17 11.12 25.41 -15.65 -28.93 17.25 -10.01 -20.35 45.81 5.57 34.54 -7.09 -21.14 -3.74 24.91 -3.72 3.14 14.99 -9.08 -13.27 20.05 43.35 3.79 -24.03 3.34 27.04 33.78 -0.96 14.6 -13.31 0.58 -10.54 34.94 12.34 -19.31 30.98 3.44 44.12 34.72 30.39 12.13 6.11 29.84 41.12 3.6 -29.82 -8.16 -18.46 35.74 -15.59 26.81 22.88 43.63
-13.77 34.06 43.7 32.47 0.74 -9.41 19.84 17.47 -13.52 30.48 -25.81 -18.22 -15.72 -8.37 22.4 -8.98 -21.73 -20.12 21.28 -8.38 -25.43 9.8 7.56 7.38 12.11 34.86 -12.17 30.37 18.18 36.43 22.09 -5.72 -2.64 31.2 -20.86 29.98 10.46 29.92 -8.33 28.13 16.81 49.35 -14.57 -21.32 -20.21 24.46 -9.34 22.55 -25.22 35.16 21.0 32.57 10.2 46.44 21.87 -16.15 7.64 18.93 19.59 -9.6 41.09 -23.34 -24.39 37.4 -20.8 47.85 44.76 -25.44 -10.37 35.28 13.44 -25.46 43.56 -18.99 42.56 27.28 -28.82 28.89 42.57 34.83 4.15 11.6 2.58 17.93 -3.16
48.05 43.08 2.56 -28.86 44.57 -20.91 -16.28 2.02 13.1 40.59 -10.91 9.44 33.62 14.84 34.65 43.39 40.76 25.24 9.53 -22.94 -15.68 34.53 17.29 10.73 15.12 -15.78 30.02 12.56 -27.02 14.69 -9.4 -25.38 -9.59 26.06 9.5 44.85 -10.59 30.88 21.07 14.2 19.81 -15.6 -0.9 6.65 36.09 -25.75 36.48 -3.14 4.27 -22.62 5.24 22.04 43.82 -27.45 22.88 44.32 -19.57 3.56 26.68 45.59 41.5 0.26 -21.14 37.86 -11.07 2.84 -24.29 -19.57 -11.74 -10.41 18.21 47.89 2.69 -2.28 43.71 41.31 -22.49 -0.93 14.9 -18.12 28.93 44.71 -22.42 -1.34
-4.37 35.8 -5.01 47.97 10.2 15.68 -5.76 27.61 41.97 26.22 43.09 0.43 5.77 6.39 -16.6 -12.18 33.71 -8.03 -18.56 21.65 15.75 30.07 31.64 -22.73 30.23 2.21 -28.31 -4.55 -14.52 -17.47 42.01 47.58 -3.59 26.73 6.41 0.2 -11.64 -7.86 -29.55 -14.54 -25.23 -10.45 33.49 35.76 -16.06 20.76 31.72 48.81 -29.55 -20.09 7.56 29.73 11.78 -5.86 41.07 27.43 -3.42 -7.12 41.71 -21.57 -7.18 15.31 14.68 31.45 33.19 36.39 40.19 -27.3 16.24 6.34 46.67 -8.6 33.73 -8.83 16.34 -16.05 3.2 37.99 17.19 18.14 -19.46 21.78 27.27
-24.91 19.48 29.76 -16.89 13.89 0.91 6.0 48.88 0.9 -13.57 41.04 11.85 -26.87 43.4 -27.41 20.19 -14.06 24.09 -7.36 46.32 26.56 -21.08 12.4 -25.58 -8.16 45.25 -20.66 40.87 32.51 44.94 17.15 23.57 -0.51 1.16 36.87 34.25 -0.08 15.84 -29.14 -0.11 -4.65 -23.02 42.91 39.75 -18.44 25.47 -26.05 32.98 -13.88 -13.15 35.93 -28.34 11.44 32.15 31.16 6.96 47.54 19.57 48.45 -20.04 -13.69 -11.7 -11.5 33.14 -24.42 10.53 43.83 27.23 49.36 17.75 11.54 14.89 -5.5 18.72 -0.61 39.38 1.84 -11.13 -11.45 30.26 12.06 -4.23
30.34 45.03 4.98 11.0 -0.21 10.99 31.18 32.81 -29.44 -25.15 44.12 -1.91 13.93 45.91 -1.7 -25.66 34.95 -5.24 7.49 21.99 -24.7 47.26 40.73 28.0 -0.69 48.84 19.84 -22.2 -7.39 22.08 -7.05 28.87 -5.18 -18.78 -20.78 46.76 38.1 38.71 8.78 0.47 36.97 -7.48 43.77 43.18 25.69 -4.01 27.3 23.84 1.07 19.35 7.59 32.35 -20.4 -24.79 -29.01 39.97 -7.09 -1.28 25.39 13.66 -12.88 37.6 -14.94 -4.27 2.88 2.64 -4.74 46.34 35.9 -12.89 -1.07 -23.11 14.64 34.4 3.38 7.65 -22.59 -13.76 24.01 44.98 -11.53
1.05 45.34 -16.13 31.95 42.6 36.42 36.38 -19.67 -12.32 -17.48 4.23 -26.61 -4.7 -28.44 19.37 6.38 38.34 -4.14 14.23 16.78 -10.04 -24.77 -6.14 -8.24 44.79 -23.32 -22.78 -12.37 45.16 25.72 3.58 -21.35 15.37 -6.39 33.94 19.03 12.26 28.64 -3.12 25.68 46.27 26.86 7.51 33.63 -8.76 26.02 -10.32 10.09 16.22 -2.95 5.33 -1.54 -14.08 -27.63 39.01 32.31 40.46 -6.13 2.71 -12.04 8.75 38.81 -21.76 2.34 23.08 23.62 34.34 -8.35 49.99 46.03 30.41 21.72 30.76 -3.15 4.47 38.76 -7.85 1.82 0.13 26.75
-26.03 -20.5 -18.47 -4.33 11.93 47.11 -17.75 17.98 11.91 18.68 46.65 -18.36 45.52 1.44 10.63 48.57 -5.37 -0.39 -11.86 -17.17 35.4 17.06 17.49 -10.22 25.36 -17.99 39.09 11.22 21.94 49.62 39.54 41.76 -21.58 40.61 -29.22 5.07 45.47 -17.2 34.8 -16.88 9.18 -17.77 48.14 -20.05 27.91 -24.07 -13.03 12.15 8.45 -25.54 -27.65 8.42 -29.88 45.92 21.84 9.38 0.59 -26.47 25.82 32.61 -10.07 -20.09 20.21 21.56 13.32 19.76 0.54 -24.9 28.85 -10.75 25.32 -6.89 13.52 -29.04 -26.98 15.41 38.99 41.8 45.81
24.72 -15.29 16.03 -5.47 -16.75 4.3 -16.12 14.16 38.44 48.99 1.64 -1.39 12.58 42.77 33.77 -12.66 -28.75 -19.06 33.2 45.89 -3.92 -1.38 -16.51 -27.11 23.51 35.35 -29.79 48.74 -1.41 -0.35 12.66 -3.37 -0.69 24.01 3.6 12.06 42.54 49.6 0.02 47.82 34.61 -21.96 19.58 -20.67 37.03 18.53 -18.92 26.13 49.49 3.49 13.17 -25.96 -9.09 -11.0 42.65 -24.52 -12.79 -20.7 -17.88 -3.9 39.49 -6.5 21.34 34.32 -9.54 1.97 -16.52 30.06 39.08 44.0 -16.27 9.41 18.04 29.48 23.19 -16.05 -20.72 38.3
-16.95 25.89 41.6 0.29 28.69 20.01 35.92 -3.47 42.09 1.69 -18.99 10.38 28.87 -14.68 -7.75 -10.58 -14.52 3.01 43.37 34.06 -23.08 24.49 -2.09 0.5 -18.14 13.51 -7.53 -12.24 -14.91 48.0 24.36 21.61 16.98 29.69 -2.62 19.87 11.78 30.9 0.24 6.68 -22.51 2.56 -28.68 -1.26 -1.12 -18.57 41.02 3.85 45.21 -13.16 -29.11 16.3 -21.25 19.69 -9.64 4.09 -16.62 -21.47 40.69 2.79 -3.48 -2.71 -16.83 28.64 48.52 -13.43 -26.7 43.36 13.97 49.58 4.26 2.57 -16.21 -10.69 -14.07 29.0 -2.05
26.47 46.05 -11.52 39.29 10.83 45.78 26.05 40.47 -27.2 -28.44 49.28 -27.9 -28.05 10.26 27.13 45.2 -22.49 41.0 -23.34 -28.04 -8.41 -18.96 20.91 -11.12 22.36 25.07 -23.61 -14.62 -24.07 35.7 24.46 -5.46 38.74 17.25 46.39 34.95 -4.63 -13.34 31.77 8.91 31.58 26.09 16.15 9.77 -1.87 27.01 -16.34 0.11 12.44 13.14 6.92 25.14 43.7 3.43 -19.53 26.93 40.52 -6.63 22.02 16.11 32.28 26.34 -25.28 1.22 -16.81 21.55 -29.17 -6.47 6.28 -28.02 -13.22 27.95 -14.3 -23.53 0.12 26.16
-5.0 25.49 11.25 45.16 -23.17 10.21 -15.47 -7.48 36.72 49.29 8.46 19.47 -27.36 25.3 -19.63 -26.17 40.29 18.87 -4.2 24.74 12.55 31.8 -22.59 -10.88 -1.49 -0.5 49.64 -15.62 13.82 34.96 44.54 39.05 17.84 -23.97 47.96 12.86 0.27 43.02 21.49 38.63 5.3 41.38 36.89 -23.8 31.65 42.28 14.47 36.51 -7.23 -11.34 -1.6 4.14 0.94 24.67 21.64 18.55 -8.78 0.65 39.96 43.94 48.6 -22.17 11.68 -24.14 42.02 -10.61 -28.76 -19.23 19.19 27.14 49.28 30.78 47.71 -12.93 9.73
42.15 -22.91 -23.84 41.43 -18.96 10.27 -8.27 4.05 -22.06 -3.99 -10.35 9.92 -24.16 5.12 4.13 11.54 5.14 -15.18 9.67 -3.74 3.64 -13.6 17.72 15.7 3.8 4.13 -22.27 18.78 31.47 47.48 -9.64 42.62 48.64 42.82 -10.72 45.15 -3.83 -27.13 30.33 -1.29 44.18 -6.12 41.57 39.13 44.4 -14.09 46.01 30.09 -11.56 19.65 30.51 48.53 16.33 29.03 24.79 32.95 -22.07 -21.37 -13.08 8.8 39.28 -26.26 19.9 27.76 -21.26 8.67 2.6 16.06 -18.37 -23.82 8.74 19.98 38.11 31.84
10.11 -11.54 -9.5 -29.85 -17.12 0.53 46.53 11.1 19.67 0.43 -8.24 38.06 -10.65 19.05 35.03 19.34 7.52 49.24 -14.89 33.3 -0.1 37.23 -26.64 -19.42 13.25 16.33 -9.11 34.65 -19.6 -6.75 -9.81 5.18 0.05 46.12 -22.83 -16.12 -1.18 21.74 29.1 -2.01 45.24 30.56 23.44 19.0 -1.75 19.57 30.86 12.45 -3.89 -22.81 -0.33 2.83 -11.69 11.96 -25.28 -16.5 32.82 43.43 43.39 21.4 -29.97 -16.28 48.59 28.24 2.65 23.09 -23.71 -16.03 -6.52 -4.62 39.01 47.41 -13.89
9.79 -4.54 5.9 6.63 4.98 14.85 -25.22 32.26 -27.96 -6.96 1.33 16.55 34.52 40.81 4.84 25.5 28.09 -20.28 44.29 37.02 15.81 -13.76 5.33 -3.01 32.78 -25.69 -1.51 47.78 49.86 49.79 -7.98 -18.26 -8.42 21.88 32.69 6.38 45.01 33.4 -14.9 48.46 -8.47 16.97 -22.82 6.53 -21.61 34.08 -29.6 -25.36 6.97 2.35 -7.52 42.65 11.46 9.94 33.57 13.59 -25.73 -24.81 -24.87 -29.08 0.21 -8.13 18.05 37.03 33.75 20.77 -25.88 7.02 32.44 6.38 2.6 29.53
13.4 20.77 -3.67 33.76 -14.25 42.11 -14.96 -15.63 26.17 24.44 -18.46 18.56 -11.79 7.41 -22.96 -22.09 -3.85 -2.31 -28.4 2.76 2.02 18.48 6.1 -1.2 5.37 11.76 33.03 30.17 44.55 -7.8 -4.23 -24.49 1.5 8.59 6.18 2.88 -16.16 39.97 -12.18 13.92 5.43 -19.03 43.53 28.39 21.53 21.87 1.73 44.53 -18.86 -13.6 -29.94 -23.82 25.73 -27.47 26.07 22.42 37.03 -28.33 47.6 -23.3 48.78 43.62 34.22 6.06 47.88 7.99 -9.63 -4.53 -13.25 33.27 16.01
-21.62 -16.95 -11.54 -13.75 -1.32 6.71 32.79 14.75 38.8 -15.12 18.41 8.98 -18.66 -24.47 -17.84 -9.17 14.87 3.95 -12.25 10.73 -10.67 -20.35 35.5 22.17 -11.8 47.88 4.16 38.7 23.79 11.32 22.17 47.24 24.01 -5.92 -23.37 19.23 30.68 -21.53 41.12 8.16 26.85 -5.7 27.12 7.99 20.08 -27.22 -12.11 22.73 -29.56 -21.6 -13.73 9.26 -16.38 5.65 27.81 26.82 1.06 13.2 28.88 -12.11 6.56 -23.19 -23.01 2.03 5.49 29.55 27.93 -22.58 27.43 1.61
-17.02 18.57 -14.22 -1.6 37.32 46.4 5.78 15.25 -20.02 6.01 -6.33 3.65 29.97 40.37 20.02 45.94 -12.54 5.43 30.86 45.95 29.59 32.68 29.78 -6.98 40.68 6.04 2.1 46.84 -15.74 45.34 26.33 -18.56 39.73 -26.17 33.18 -0.37 0.83 -3.44 -4.8 -0.12 24.87 15.19 8.8 18.88 29.64 26.73 29.39 30.31 -8.16 27.69 14.74 12.9 -10.67 -23.78 10.67 -10.72 48.51 -16.1 48.18 49.95 17.38 -29.95 29.43 28.95 -25.37 11.64 23.57 7.22 -4.58
8.38 35.2 7.18 -29.02 -14.39 7.67 47.9 25.9 15.02 31.53 27.63 5.37 30.2 36.12 21.63 -7.82 14.47 31.28 19.53 -0.83 37.74 44.07 24.29 34.44 -28.17 2.27 37.88 -16.88 20.0 2.27 12.8 -28.83 17.36 34.12 48.26 -10.2 17.3 -0.51 -24.29 22.85 -7.84 -10.11 35.78 41.62 16.23 9.05 -16.45 -4.77 46.09 24.27 4.97 -6.69 19.87 -8.04 -4.14 -13.26 -27.71 48.78 -15.24 38.61 -19.77 -12.97 8.92 -24.55 18.54 7.59 33.82 -3.19
-23.95 43.21 -7.91 38.39 40.8 -8.6 -22.06 -18.94 34.88 -13.71 36.02 22.65 18.29 -21.49 -12.96 -22.35 -0.26 -16.79 33.01 17.3 32.82 44.02 -26.93 35.39 -27.82 9.72 46.25 33.48 46.96 29.5 38.83 -20.57 -16.42 -13.19 -27.44 -28.19 39.07 32.03 35.01 -8.27 -10.73 32.6 44.88 -18.22 18.44 31.79 7.63 14.14 -1.36 -8.36 16.22 39.48 8.1 -12.15 21.14 -4.77 21.82 -2.89 39.23 -8.63 2.71 -9.84 22.58 -10.13 33.06 4.67 39.14
-27.45 28.16 5.14 14.81 -6.86 -28.89 49.39 -12.45 -17.5 -3.78 37.46 6.99 -20.82 37.77 31.47 15.77 4.32 9.42 13.73 -13.37 11.42 -1.16 -16.95 48.6 3.16 43.55 0.77 -28.39 -1.2 -25.43 -18.93 44.41 43.79 8.68 23.77 20.72 -15.33 12.02 -18.88 -23.84 12.83 -25.19 -13.11 -8.73 -5.9 9.53 48.64 -3.45 -3.55 33.11 21.88 -9.37 47.94 39.3 15.52 -23.69 44.61 8.15 1.39 -15.89 -8.71 -28.5 -0.22 0.11 36.11 1.74
14.4 14.64 2.03 24.05 -10.25 -23.29 29.22 -8.9 45.88 36.82 37.75 -19.18 -0.56 10.88 25.43 16.87 22.57 -3.09 1.67 -25.88 4.34 -29.59 49.33 3.18 22.84 11.61 7.54 -15.98 -12.57 33.0 -5.47 -8.64 35.77 9.9 38.05 -5.94 -3.72 -6.62 9.34 44.43 28.68 -1.72 32.53 -26.71 28.78 39.17 18.86 -5.67 34.4 -26.66 -18.84 4.82 46.21 49.57 2.76 3.77 47.71 -13.53 -11.35 25.6 -25.79 -20.85 30.08 -22.34 48.47
46.75 -25.12 34.69 -16.52 45.97 -15.57 -16.2 -27.83 12.28 -16.04 33.49 19.1 -23.46 41.88 -29.66 -19.82 29.89 4.55 48.48 18.1 46.34 44.31 45.33 1.12 -1.26 -28.29 1.9 -0.01 14.99 34.04 37.75 32.03 -6.5 -14.79 29.64 47.35 -23.98 24.34 44.08 29.23 -15.02 -15.86 -28.92 13.23 26.44 17.51 -26.76 -23.29 -12.49 33.18 -7.0 6.36 48.92 -10.21 16.16 -24.24 23.92 -3.99 -13.14 27.34 -3.81 -6.52 41.02 42.37
35.65 2.96 -2.35 -27.63 -13.51 8.04 16.92 18.17 1.06 14.61 3.0 1.5 -16.32 43.04 25.26 -13.1 38.23 4.32 12.14 -18.55 -11.64 -0.53 -12.22 44.62 -1.28 17.39 49.43 -22.89 -11.7 6.3 44.87 14.17 -25.2 -7.66 -16.16 47.34 19.85 46.5 40.71 19.32 17.52 -21.1 4.84 -16.76 -5.49 -2.86 9.99 13.35 2.48 24.65 12.7 -5.19 13.71 -18.95 5.55 13.95 -7.48 29.64 -15.46 -13.81 -25.4 38.13 22.17
-21.65 39.18 13.37 -10.53 14.22 27.53 8.6 -7.85 13.11 -18.69 9.82 -14.83 39.32 0.19 22.78 7.92 36.13 6.7 -18.17 1.75 18.35 -7.62 21.08 -20.49 41.57 47.59 5.49 -20.75 -3.03 49.63 -26.75 48.79 -15.79 11.84 28.99 33.0 38.83 38.71 -26.8 42.7 3.03 27.52 32.75 2.07 30.43 7.86 46.48 5.52 2.11 -10.88 13.45 23.74 26.68 26.61 8.35 20.68 -0.39 -26.33 29.59 41.74 0.65 31.41
-19.98 30.26 5.82 17.34 6.88 45.49 -21.06 -4.33 7.67 21.32 30.35 -11.12 -24.08 36.6 -11.27 -4.72 45.56 24.26 34.38 -29.46 38.77 -19.51 -11.04 16.64 49.41 34.86 -4.42 25.17 -23.94 -21.44 0.18 32.12 43.52 4.48 -21.69 17.01 9.5 -17.27 37.77 48.04 -29.01 -5.53 39.57 -7.53 19.42 -26.56 -25.88 -8.54 -29.53 -2.42 44.9 27.75 -18.15 4.24 -16.5 35.21 27.18 5.33 45.01 4.59 5.26
-1.96 24.71 24.54 -7.22 8.3 46.96 11.33 26.2 28.69 31.77 39.86 43.1 -1.04 -26.37 -26.15 23.83 16.43 43.06 31.72 35.4 38.4 -11.65 32.58 26.34 36.57 -4.19 26.64 -7.37 -19.24 32.79 -14.21 -9.26 18.53 29.61 -8.31 -24.46 35.43 26.9 -29.13 36.1 7.24 -23.99 -25.64 -21.47 -8.35 -20.1 -5.76 -2.45 49.9 35.93 17.28 -29.9 31.59 13.15 3.49 38.43 -23.29 29.31 12.64 22.02
-13.17 45.11 -12.81 34.56 22.76 19.8 6.08 12.32 19.95 -14.15 19.76 34.91 0.74 18.78 48.47 36.56 29.34 11.07 40.74 28.78 16.32 -10.12 0.69 -7.98 -29.82 -24.57 -29.94 11.43 -8.24 16.66 -27.37 38.64 -9.77 34.11 -16.5 -27.81 -10.67 31.24 -2.69 -27.02 24.22 32.38 -4.39 42.48 10.14 -1.48 1.95 17.92 -16.66 -12.07 36.58 20.94 -1.23 -28.04 37.31 14.64 -1.49 -17.07 -15.6
-27.4 11.79 -5.78 18.1 -15.69 -3.4 -4.16 -16.98 -22.16 -21.17 -18.23 45.45 30.59 -8.96 3.86 -23.39 29.01 37.06 41.97 -7.13 17.12 14.44 2.64 35.26 -16.91 7.77 -7.25 46.74 -21.25 30.97 25.41 44.79 22.85 13.91 -29.59 21.71 -21.66 34.54 6.83 5.36 -17.2 12.62 -7.72 -9.73 38.7 29.63 10.42 24.54 -8.38 -14.63 -29.18 27.2 -29.57 -23.41 6.11 7.87 2.86 -7.76
-29.34 39.19 29.06 -9.67 -5.99 40.62 -17.24 17.39 21.94 38.41 39.55 21.16 4.0 1.55 32.46 29.83 -23.43 -24.8 -22.67 13.68 -19.95 31.94 44.88 27.01 -0.6 2.26 41.47 31.02 6.66 29.64 33.4 10.92 19.02 3.45 -14.11 -18.52 30.36 38.79 49.52 -22.32 26.62 12.94 45.98 30.94 29.19 -6.32 13.89 -10.32 11.02 31.63 27.87 -6.98 -21.21 -10.61 -15.04 -17.27 31.15
6.16 17.33 -9.68 -10.08 -11.53 -18.32 -10.11 34.99 -1.92 43.98 40.13 34.36 30.28 30.38 13.92 -8.52 31.95 -3.3 11.91 47.56 -21.74 2.72 -1.51 45.9 14.34 11.88 22.77 46.87 -5.81 -2.28 23.78 -23.96 -15.74 19.15 31.84 -27.11 -0.08 37.27 39.43 46.63 1.97 18.66 -16.45 14.73 37.32 46.55 -0.93 27.6 26.57 41.94 -3.51 -8.47 -22.22 41.02 -20.17 20.69
31.46 6.06 31.59 23.33 45.81 -14.84 25.7 11.41 5.07 9.62 3.65 48.48 41.48 30.58 -3.06 9.92 38.5 19.36 -24.04 3.1 16.43 -0.72 24.45 9.35 24.28 9.32 -6.96 13.49 -24.5 -16.76 14.45 21.96 31.89 17.39 17.12 18.63 38.74 33.86 20.99 -11.68 39.2 5.25 6.8 42.54 34.74 12.37 -7.77 18.95 31.65 -29.07 -20.79 39.23 -24.21 -6.62 28.0
21.62 36.32 21.82 1.4 17.3 2.74 21.61 -11.91 25.11 21.69 -6.68 -15.99 20.61 33.14 49.29 -13.76 -24.54 3.75 -24.63 -18.8 48.24 29.7 -24.23 23.22 -11.71 47.98 24.76 -16.97 3.29 20.93 -8.05 48.34 -18.1 32.42 -6.65 -14.96 -7.59 28.51 17.34 12.79 32.43 -1.59 39.31 24.62 27.4 38.21 30.62 6.82 4.71 20.77 0.19 30.88 -3.62 -6.54
23.43 40.87 -8.14 -22.82 17.0 30.26 -9.2 32.53 -20.04 -22.46 -26.16 -24.92 49.7 28.36 -14.13 10.94 30.3 25.35 49.84 17.82 43.0 -29.76 -17.06 -3.95 -16.51 24.77 -25.29 8.41 -23.99 46.02 -3.58 5.04 8.5 1.75 -6.38 34.03 -1.98 -25.1 7.82 -25.95 -23.28 -27.07 -3.89 17.71 -0.87 27.85 24.72 -26.6 -19.0 21.89 16.37 40.98 -6.78
44.19 43.13 37.12 0.93 -12.98 46.96 39.12 -26.59 5.81 -8.56 7.51 20.81 12.72 31.86 35.2 33.5 -27.01 -5.99 9.47 23.72 -12.63 25.9 45.4 27.39 20.57 -14.55 -3.43 10.36 13.93 3.14 29.92 -19.79 46.31 -15.4 41.52 36.19 24.22 -17.54 -17.45 17.78 17.59 35.23 30.48 19.15 -2.21 20.88 -0.32 14.44 42.67 -1.8 43.82 -4.31
-28.06 6.75 21.92 31.0 6.0 -7.34 -6.23 -21.94 2.04 36.73 -29.31 4.77 20.54 -0.54 15.81 -3.82 45.11 27.59 39.97 39.55 26.5 -3.36 21.91 -18.98 27.02 -8.7 5.31 -2.72 37.95 3.15 -20.74 40.96 -8.02 42.35 -17.69 11.28 10.49 -14.43 41.34 31.91 2.37 -29.71 36.08 -13.3 16.23 -0.03 11.97 41.47 -21.28 40.54 14.46
-7.99 36.44 2.73 -1.63 -18.24 25.09 -28.1 38.27 39.73 -29.09 29.65 -19.76 36.36 -6.36 46.84 29.81 38.79 -7.84 38.71 4.84 29.69 -14.61 7.33 -8.99 47.64 22.89 32.89 39.15 37.94 -23.81 44.24 3.45 -0.41 48.84 28.65 8.47 -12.79 21.01 32.41 -23.62 -0.67 45.27 45.66 -27.9 48.49 27.33 33.9 -11.98 1.84 36.56
-7.15 37.12 1.65 2.05 -18.9 41.12 -15.11 -10.22 34.99 12.07 9.26 -14.15 -9.77 41.18 -0.28 23.01 44.76 -15.86 24.13 30.38 -3.68 29.49 8.91 -13.11 12.06 1.83 -14.88 -15.19 12.16 12.64 48.13 -16.04 -21.74 1.92 37.96 14.51 22.46 16.05 -27.06 40.42 30.1 44.57 35.21 2.14 -28.42 -11.74 35.71 -13.86 38.15
-5.92 29.29 -11.17 -15.46 -24.24 18.01 31.63 32.46 1.56 40.76 43.09 -9.75 -21.0 -21.11 44.17 42.03 41.34 -7.76 -25.52 44.49 -19.62 21.11 -7.43 33.75 22.06 20.27 36.46 29.17 -29.57 42.8 19.35 -4.48 -5.46 44.87 49.11 -13.32 -16.28 -3.04 -10.76 44.41 -24.14 7.11 -20.12 -11.48 -26.66 -0.6 -13.77 -11.87
26.86 -9.34 -9.79 44.27 -15.05 -13.2 -3.02 -22.16 18.81 35.08 35.12 46.47 -16.29 13.91 27.82 30.71 32.59 8.54 4.23 45.32 -6.0 4.37 3.53 -28.04 -16.51 -3.95 -0.67 42.52 -29.93 -23.94 41.41 -25.71 -1.62 39.31 18.41 0.9 5.61 -6.93 39.81 12.54 6.47 44.27 -18.85 41.55 45.58 45.29 6.83
17.15 17.82 48.48 -20.08 22.14 46.75 16.23 19.07 -2.25 -22.45 -18.96 -2.66 -21.91 8.42 26.63 15.7 23.15 45.44 41.2 5.84 32.09 33.96 27.51 -24.12 0.44 24.51 14.24 39.9 28.33 -21.78 41.04 34.32 16.02 -11.84 -16.99 36.89 4.11 29.45 -7.17 0.31 7.13 -29.79 6.67 47.95 -18.22 23.17
-10.5 -3.17 36.93 -7.4 35.83 -15.68 -4.8 48.69 -4.37 -8.96 1.64 7.02 22.58 45.41 -24.98 -3.24 42.5 15.98 -16.1 -13.3 -23.16 49.4 -24.01 27.48 -25.96 44.28 -11.45 1.25 25.59 32.38 26.57 28.55 -28.25 -5.92 -23.12 5.39 -9.97 35.02 -24.85 1.79 -5.87 36.96 45.07 5.76 35.49
-19.54 10.0 9.15 1.91 42.81 -23.39 26.38 37.43 -27.08 11.93 6.23 36.25 25.81 15.92 -21.33 47.91 12.06 -16.3 16.89 -9.42 37.94 -21.16 28.15 37.53 12.3 35.56 -6.27 -1.5 9.71 21.97 14.81 -28.72 41.12 14.27 10.32 48.76 41.91 45.53 21.98 24.68 46.58 -26.91 -0.4 5.25
13.98 -11.53 10.57 15.37 11.47 -7.27 -1.76 25.37 -25.56 -24.66 31.19 24.69 -23.66 32.66 47.77 44.5 27.6 35.65 33.09 -18.23 -24.58 8.58 11.3 37.6 28.78 10.12 -2.1 43.44 43.69 -27.58 13.91 22.14 -17.79 -7.54 34.46 13.8 48.09 34.57 7.73 36.17 21.14 27.42 -3.54
31.11 30.13 29.11 15.29 -2.69 -27.39 44.43 9.44 -4.24 -1.9 -19.89 1.83 49.01 11.67 -11.89 -28.0 40.53 35.06 22.41 11.84 -7.62 -17.31 -22.49 -29.45 28.86 23.33 18.36 -14.25 -4.77 -25.98 13.18 -8.35 40.09 1.66 18.16 -3.26 34.65 -4.65 1.32 -10.59 36.42 -22.59
0.38 47.27 31.14 -6.31 31.78 15.71 28.43 8.8 45.94 7.34 -28.0 -27.31 7.6 -6.85 -9.95 39.11 -12.0 32.98 -29.96 -11.1 -1.44 7.49 -21.42 24.97 -20.11 47.97 -29.26 17.95 37.01 47.09 30.91 16.94 9.97 29.65 22.57 7.48 40.36 -18.81 -8.86 21.18 -7.97
-28.09 38.73 -16.72 17.37 -27.14 22.0 -11.49 0.42 -14.4 28.67 -20.53 7.87 -27.62 19.71 -14.48 -16.88 -27.35 4.68 22.65 15.98 23.59 -18.91 12.57 -4.0 48.66 -7.07 15.83 -14.55 6.0 20.25 35.19 13.98 36.05 -14.96 32.07 -0.02 -23.54 38.3 10.56 42.16
1.77 -19.91 -16.57 45.04 1.17 -3.36 33.82 23.31 23.13 40.34 29.88 48.69 -0.88 -17.76 -3.76 12.27 -21.63 18.55 8.52 -13.99 -8.78 15.46 -17.58 16.4 47.08 -9.97 19.03 -25.86 24.41 40.31 7.35 -20.45 30.46 36.96 19.36 23.41 -4.79 48.76 47.59
46.69 -12.44 -9.9 -16.11 27.2 30.43 -19.03 2.96 29.01 -2.15 30.21 46.76 -29.95 -21.36 4.04 -29.14 -6.11 -21.31 31.03 -28.14 45.54 -14.75 11.44 -0.53 26.58 20.91 26.9 15.29 -11.45 1.25 12.08 42.62 13.23 -11.64 14.0 45.07 38.48 -14.43
40.71 40.56 -13.78 43.28 -19.59 49.12 5.63 28.43 -1.21 10.71 -9.34 47.54 12.69 -5.57 47.49 23.52 48.74 45.64 45.55 -16.52 49.85 12.34 13.99 45.17 13.96 -15.79 38.17 32.23 48.35 -3.15 44.34 12.45 0.28 -9.89 22.19 -18.97 -28.83
19.51 1.38 24.17 23.7 41.92 -22.99 45.79 -29.54 -2.9 5.28 44.06 -2.25 -20.91 32.43 34.96 23.49 5.68 45.35 15.91 21.94 -27.1 40.84 5.67 -26.53 30.03 6.73 -5.53 -17.69 -8.7 28.17 49.56 -7.94 42.25 18.38 30.33 -9.32
25.39 -7.96 20.69 -18.38 30.91 47.02 9.87 18.73 -19.33 0.14 25.75 -25.71 -28.8 27.04 38.42 26.36 -20.93 47.55 -28.62 -27.88 -26.3 43.12 9.31 -11.12 48.12 2.84 48.75 14.23 -15.18 -1.75 24.27 2.01 -2.55 -3.54 6.62
39.27 37.39 25.3 35.41 -16.24 -1.29 -1.57 -29.49 -29.65 22.8 11.98 30.26 5.42 3.92 43.14 35.26 48.09 -19.67 32.25 -20.88 32.7 -9.6 -24.36 22.46 7.66 14.81 45.35 12.57 14.02 -14.83 11.2 3.32 25.75 -12.78
12.12 -11.6 25.9 -5.89 -20.93 -14.81 49.42 -28.65 16.3 31.16 37.71 -14.08 17.43 -24.98 37.11 46.53 14.6 37.69 -21.87 -25.57 -5.0 -27.15 -0.75 -18.93 -7.95 32.28 -5.11 -12.95 19.69 -8.81 32.2 26.87 -12.74
-15.24 -0.47 26.54 -0.51 21.08 -20.87 24.25 -8.01 9.19 14.42 22.73 48.37 26.83 2.39 -21.4 2.08 43.66 -2.61 32.41 25.54 0.5 4.46 32.02 1.52 47.36 6.96 -23.64 12.92 -25.21 -13.93 44.79 8.69
42.65 -11.99 -10.87 38.72 11.32 41.88 22.76 -14.96 -1.14 -26.7 -14.51 38.1 -14.49 2.75 11.58 43.18 10.88 -10.03 48.23 43.91 33.97 35.19 -11.92 -20.52 23.42 3.93 -7.98 27.1 48.73 40.14 41.27
39.51 17.11 12.43 -16.57 32.32 19.15 28.54 -27.5 -11.56 10.91 47.41 42.32 13.56 8.88 1.3 -22.54 30.37 1.86 -6.11 42.26 38.58 -0.54 -1.82 38.47 16.6 -17.16 3.44 46.96 -2.69 3.85
25.94 -2.21 35.73 44.67 -6.55 28.13 15.64 14.19 11.13 26.14 19.5 -5.98 -21.41 46.9 -17.29 2.25 2.93 35.94 46.21 -27.14 -23.7 0.54 -16.61 11.04 49.99 1.67 -0.95 37.13 -22.99
14.86 6.52 -6.91 -11.79 29.0 11.23 11.27 -6.27 17.19 -21.54 35.07 -15.0 17.85 47.78 -7.32 -26.34 11.77 16.64 5.3 49.44 -28.43 12.71 17.25 27.12 33.76 38.75 2.18 -22.36
35.4 -13.82 41.9 4.57 4.94 -1.18 36.84 40.94 -25.65 -9.88 17.51 -9.18 14.89 16.9 46.77 -8.08 26.35 11.86 5.35 -24.21 45.18 46.73 -5.54 -15.61 0.16 23.24 27.72
-27.58 -7.32 24.78 -5.3 14.64 -25.2 28.18 1.4 -3.79 7.01 15.47 6.62 44.82 0.86 -27.54 25.37 -29.59 20.63 18.32 -9.3 -7.2 -1.15 48.47 45.25 44.73 -10.47
9.46 -7.97 43.97 -9.73 6.38 10.94 3.85 40.48 28.15 -24.91 33.18 19.48 -11.52 36.08 -9.16 -12.08 3.56 -28.51 17.44 -11.12 -16.34 17.67 42.34 -1.07 49.09
34.38 19.04 28.85 49.47 26.79 -4.3 35.38 25.66 35.6 14.38 24.89 41.43 -6.45 6.42 -13.79 -28.56 -4.4 -18.07 31.92 48.76 32.05 -2.52 -28.85 -21.29
49.25 -14.14 35.88 -26.71 -8.47 45.52 1.7 26.52 38.52 4.99 47.27 15.1 18.92 41.76 19.78 21.06 6.24 -17.88 -22.37 -27.34 49.51 2.63 14.32
38.16 41.95 -14.61 39.74 -27.28 -25.59 19.49 18.0 -12.54 -6.88 44.03 -18.38 -11.92 -17.65 -8.36 -13.66 49.02 -3.03 6.77 1.84 19.46 -14.39
-20.4 35.0 46.99 -3.3 -19.17 -21.76 -20.1 30.78 15.58 -20.93 -22.55 27.48 -15.79 36.14 21.15 -9.27 18.68 42.62 6.6 36.08 -6.26
13.32 46.41 47.12 16.39 9.26 10.95 44.86 30.83 14.7 31.18 -1.19 -24.42 34.23 38.82 29.02 24.13 -5.42 33.68 11.24 -8.2
-28.61 -13.35 38.37 2.54 24.34 26.08 25.76 10.95 -11.67 12.42 22.44 41.11 -1.54 -17.33 35.24 -1.0 -8.27 21.72 -11.27
46.51 -1.23 45.55 27.17 -17.96 -0.74 18.85 -10.3 -16.61 -29.29 48.4 -28.19 45.09 47.16 -9.59 19.31 -13.48 37.86
30.64 29.92 -0.8 -15.77 37.81 -23.28 44.41 -27.45 -3.58 -0.2 48.3 6.42 -6.91 22.07 15.33 -10.44 3.62
9.48 6.87 30.58 -27.0 6.22 -29.1 29.8 8.63 1.25 32.01 -12.52 47.88 14.13 -3.98 15.79 -20.97
9.19 12.17 30.63 1.62 -27.75 -29.65 46.27 -10.44 37.35 40.31 18.07 7.39 -28.51 -16.37 31.11
14.5 46.94 -23.66 5.2 31.85 25.73 -8.89 38.15 23.01 -12.96 26.98 34.88 -26.5 30.31
22.8 36.99 -23.21 -9.16 34.08 -29.44 11.76 19.19 -6.4 -7.55 7.64 11.15 12.23
-26.55 30.76 19.68 -12.97 43.2 -18.32 -21.51 34.98 48.84 36.29 5.47 33.56
-17.31 -25.97 -18.86 28.39 -18.11 48.14 14.42 48.9 -28.87 -7.93 45.01
-21.21 -17.66 47.05 -17.8 38.62 3.29 -22.92 -19.83 17.66 -10.25
46.52 -9.25 41.3 18.34 16.69 26.12 16.72 40.69 41.34
28.81 23.92 -29.22 -10.09 -13.0 -27.17 8.21 -5.29
-28.75 48.32 31.13 -27.34 0.11 42.63 -18.61
41.78 9.45 24.72 33.18 14.79 14.1
21.89 41.63 16.55 40.34 44.98
-12.57 27.84 -28.04 36.43
-22.22 -18.47 17.9
-1.07 38.62
12.8
