50
2 10 1 4 6 15 1 9 8 1 1 16 3 2 18 20 5 9 3 4 14 9 12 6 20 1 12 4 1 6 4 10 2 13 12 34 11 7 13 1 9 3 23 50 32 2 3 15 4 2
35 11
35 5 38 39 10 42 46 16 49 30
13
42 12 38 48
35 4 5 37 12 18
1 35 3 6 8 41 40 43 45 47 23 25 26 28 30
40
33 5 38 40 41 12 46 18 26
4 37 8 9 12 48 20 22
14
7
1 3 4 36 6 7 43 12 45 11 15 50 23 24 25 28
42 36 31
38 32
33 34 3 4 37 6 39 40 8 44 13 45 15 18 20 21 25 27
2 4 7 8 9 11 16 19 20 21 24 31 32 33 34 35 36 37 41 47
35 4 6 10 25
3 36 9 13 14 48 49 22 24
9 50 40
34 19 11 23
34 36 37 6 39 40 10 43 44 13 15 19 21 22
2 35 36 8 45 23 26 27 31
33 3 4 6 8 40 10 46 47 49 23 32
36 37 38 44 18 27
2 3 5 6 8 12 13 22 24 25 28 31 32 33 38 39 40 41 44 47
32
34 35 36 37 6 39 38 15 47 19 25 32
34 6 31 16
26
33 2 4 15 19 26
26 27 44 6
34 39 9 46 48 50 23 24 30 31
35 39
2 37 39 8 9 7 15 16 48 19 26 28 31
2 36 6 38 8 43 13 15 20 25 28 29
1 2 3 7 8 11 12 13 14 16 18 19 20 21 24 25 26 27 28 29 30 31 36 37 38 39 40 41 44 46 47 48 49 50
3 9 41 11 13 16 18 20 21 24 32
33 35 39 10 44 17 31
33 34 5 6 40 10 42 43 48 19 27 29 32
37
33 35 4 40 10 42 12 46 28
17 45 40
1 2 4 5 12 14 17 19 21 22 23 27 28 29 32 33 35 36 37 44 47 48 50
1 2 3 4 5 6 7 8 9 10 11 12 13 14 15 16 17 18 19 20 21 22 23 24 25 26 27 28 29 30 31 32 33 34 35 36 37 38 39 40 41 42 43 44 45 46 47 48 49 50
1 4 8 10 11 12 13 14 17 19 22 23 24 25 27 28 29 30 31 32 33 35 36 37 39 40 41 42 43 45 47 49
50 29
5 6 40
1 2 3 4 37 38 7 42 49 19 20 23 24 27 32
26 35 22 32
44 28
3.86 -46.28 31.2 -26.63 -16.79 3.52 39.86 21.83 -33.28 -46.54 -19.28 4.32 -5.45 6.21 23.11 32.91 9.49 17.31 34.89 37.36 -2.91 -20.25 2.86 9.18 -11.02 -17.98 49.89 -37.1 -27.94 -1.72 10.61 -0.15 -15.38 -35.55 22.76 -32.95 -19.49 -33.41 22.93 -0.59 5.45 -30.51 33.66 5.89 12.27 17.95 -21.77 -8.21 6.28 21.27
30.37 -14.68 -23.39 -26.61 32.0 26.45 28.79 -48.54 -27.85 11.78 5.13 -3.67 12.79 16.83 44.21 49.1 0.51 34.19 47.4 -20.92 17.41 24.56 26.03 -48.63 -41.68 -12.04 -45.76 18.05 -21.42 -29.55 -2.25 -46.2 42.97 -40.01 49.88 31.9 -5.49 -12.66 46.58 31.13 -1.87 39.44 -47.45 -26.44 -41.46 23.3 -23.26 5.15 -9.45
25.06 36.08 -23.54 -36.0 28.28 -20.08 24.22 -48.79 -49.76 20.31 -22.89 19.61 23.64 -39.63 -40.74 30.89 -15.73 38.13 -22.73 -29.36 22.83 -39.69 43.73 47.93 -27.66 27.59 -0.75 -30.19 -49.56 25.83 -3.33 -18.29 42.57 35.92 -17.31 19.45 15.36 -19.9 -16.22 49.08 -12.1 4.3 -47.44 -18.41 34.46 16.59 9.24 -7.32
-36.5 -48.67 -18.44 20.95 -6.03 -25.59 -29.82 14.85 9.87 -40.9 33.81 40.15 -21.34 22.01 -40.77 -34.31 -20.01 -38.57 22.88 -40.76 39.44 -8.48 45.28 0.81 -41.72 -40.93 15.15 0.9 10.61 27.1 -45.23 23.03 -9.38 -11.92 -22.71 -23.52 -28.49 -33.94 -4.83 -39.4 6.54 33.23 -45.21 39.44 40.42 27.26 -39.04
44.32 42.67 42.19 34.15 -32.04 -8.16 -38.94 26.79 9.82 18.54 -26.42 40.01 42.12 -20.45 -44.79 -40.68 -49.73 25.48 2.45 -20.27 -13.61 30.95 3.87 -40.18 -6.81 24.13 -42.56 14.34 37.65 -46.39 28.69 -26.84 -30.67 48.89 -39.15 14.32 0.11 2.19 -37.68 -35.73 -1.7 30.24 19.5 3.98 -48.66 -30.25
-29.69 17.55 -47.83 -45.9 3.48 -38.84 -9.43 6.1 11.86 -8.24 -9.64 -8.06 42.7 28.33 -36.0 26.28 -43.42 28.64 -27.62 29.5 23.39 18.58 16.41 -22.42 29.78 -26.55 -11.22 28.52 21.33 9.8 -17.58 -14.02 34.11 19.39 40.81 26.08 -26.57 24.85 46.11 -32.7 -31.4 -18.92 -34.07 33.37 31.24
-30.28 11.49 -43.45 13.32 25.44 -29.22 16.96 -13.06 3.54 -1.59 -15.26 -34.7 12.86 -4.81 -47.36 22.41 -25.86 -6.99 25.68 16.18 -41.16 -6.01 -39.03 -45.42 -4.84 -8.37 -30.8 -5.37 -22.39 -7.27 -3.59 -3.93 -43.1 1.19 -10.57 -19.76 -30.57 47.28 -30.88 -14.39 6.51 39.81 -34.24 12.02
-31.62 35.76 7.75 -37.15 43.26 -47.4 31.02 2.16 1.85 22.32 22.87 29.77 -20.64 38.04 6.51 -14.49 44.44 32.42 28.8 12.4 -47.05 -9.29 -29.42 -44.84 -10.45 47.92 -4.92 26.72 34.0 13.39 -37.31 -7.14 27.51 -16.87 -46.63 35.34 41.69 -26.03 23.03 39.62 17.48 -31.64 -43.15
40.3 -19.09 -23.97 -33.31 -31.62 -44.94 -18.01 26.38 49.28 -31.99 -20.4 3.69 -17.57 39.44 -28.38 24.83 22.46 -0.66 -38.55 9.28 -39.43 -9.63 -28.26 -31.26 -0.21 49.41 5.61 42.29 -20.38 19.33 31.91 15.31 -27.81 -34.34 42.54 -5.36 -23.39 -2.34 -26.33 -18.7 19.73 -29.6
49.57 -28.68 14.66 -27.48 -22.51 24.47 -32.39 -11.87 20.21 -9.54 47.53 42.63 -7.85 8.75 -48.17 26.21 -15.08 49.62 18.3 28.28 2.12 -43.08 -18.59 -46.49 -49.14 5.26 21.44 -49.86 8.11 -29.0 11.24 -10.39 -14.0 -48.27 -35.01 -30.69 24.34 26.33 -30.17 36.07 -11.83
1.86 24.83 10.36 38.63 -26.66 -34.23 -44.47 33.03 -9.74 5.9 16.24 19.37 35.61 -44.63 30.99 13.18 36.36 -12.65 -43.9 31.69 11.52 26.88 -19.93 -2.64 49.89 -25.61 1.09 -42.84 -0.56 -11.71 -3.39 -36.53 -48.49 -5.56 29.49 -6.16 -3.46 -25.92 -37.33 -19.48
18.56 28.26 34.63 -26.75 -24.36 4.37 14.81 -31.55 23.12 -34.64 7.97 -31.99 29.54 16.08 6.76 19.01 38.7 13.7 22.84 47.51 21.2 -35.64 15.52 44.35 46.41 -28.07 0.25 -43.05 23.52 18.11 34.72 -43.2 -27.36 -10.96 -21.27 -32.3 -39.55 -30.89 44.69
-35.55 1.85 -36.19 -29.35 25.44 -21.15 25.36 2.52 20.0 35.16 -29.62 -8.9 38.39 34.97 -18.98 -41.82 -30.37 19.06 -1.35 -19.8 -6.05 -25.31 23.44 -12.26 13.52 -14.15 0.89 -43.12 7.1 -28.85 23.87 37.36 -38.36 -20.52 -22.63 32.08 28.25 -27.86
-20.11 -20.07 -0.23 23.65 -41.29 -36.57 6.54 10.86 38.61 -31.11 26.56 -0.54 12.44 -23.71 8.54 15.06 10.15 0.73 -29.76 23.76 -2.04 -12.73 -7.4 -14.38 26.6 -23.6 -20.97 15.29 0.32 -36.37 -2.47 43.25 48.2 5.91 5.81 -12.16 -40.14
46.18 -5.42 16.06 9.58 31.88 -34.85 41.7 -11.8 24.42 45.6 -47.31 -32.56 9.09 41.15 -4.04 -29.38 -48.12 1.87 -30.55 -18.03 -25.55 -28.16 -29.02 -30.3 -35.08 20.27 42.83 30.08 42.64 -33.82 20.71 -42.85 -44.12 25.86 9.96 -4.89
7.91 44.95 13.31 43.26 0.6 28.51 26.67 -7.38 -45.36 21.72 -35.25 -20.86 -29.77 -27.84 41.0 -33.56 28.68 -11.7 29.62 1.65 -39.98 39.46 28.7 13.97 -23.18 -12.21 0.38 35.76 30.33 22.4 4.4 -49.6 -1.4 -41.26 -34.29
-48.39 10.74 0.89 -36.86 1.19 38.27 32.84 37.75 -23.44 33.61 -23.52 30.33 -27.17 35.93 33.61 49.44 23.51 -24.37 -24.13 42.6 12.93 47.43 5.53 11.31 0.46 34.01 -47.74 -15.28 37.14 47.34 44.99 28.05 -20.45 -34.56
-48.3 25.98 36.56 45.68 -42.24 -7.74 20.39 -3.11 -1.59 21.45 -42.54 22.84 -37.89 -19.04 26.55 35.38 -3.39 -20.42 -38.45 -16.81 -11.68 45.55 45.22 17.72 29.01 18.11 -10.13 39.08 42.99 12.1 1.82 47.24 47.61
-39.53 -35.11 -13.17 41.33 35.78 -36.67 17.57 -44.13 -41.9 -20.44 13.85 -39.8 -48.48 -44.69 -32.57 9.33 12.98 -37.98 18.21 -25.74 -7.02 28.82 -20.8 16.98 -14.27 -45.91 12.47 -23.68 -19.53 -18.98 -23.26 10.64
-13.43 -0.32 -21.82 17.46 18.45 -19.97 -23.29 -38.47 38.65 15.66 29.73 -17.34 34.45 -26.66 44.02 -37.76 -4.99 34.87 13.78 -46.98 -0.72 -23.87 -45.07 23.66 20.58 43.86 -29.79 49.22 11.27 22.79 47.51
-32.05 -4.19 4.04 30.7 -5.18 6.4 -45.24 42.26 -6.49 -40.8 21.88 -32.12 -42.42 0.67 21.13 21.31 -33.29 19.89 33.45 37.55 -7.19 -19.52 3.86 9.11 15.74 32.57 -34.98 -34.05 49.55 -42.64
7.5 46.66 -5.47 10.45 43.68 30.79 -41.19 30.34 7.66 -39.34 14.3 -13.14 11.34 1.58 -38.24 8.0 -19.76 -1.75 -49.19 10.8 28.15 -6.65 -24.25 7.13 43.05 22.86 -20.42 44.6 7.79
-18.53 -2.92 11.54 -5.61 -26.91 14.12 20.77 -46.17 19.56 -8.4 20.38 -29.06 23.09 -16.74 -14.73 15.69 -2.34 -26.34 48.81 -23.29 2.47 38.43 -6.91 48.63 14.13 -4.3 26.09 9.93
19.89 34.32 -46.07 10.05 -39.63 34.4 -8.68 20.59 37.53 8.81 -36.42 -23.3 -22.98 32.62 1.84 42.31 -28.5 -4.7 11.56 -27.7 40.63 -17.69 34.72 47.19 47.08 49.64 33.83
-13.77 32.05 41.47 14.99 12.77 13.97 -29.88 36.55 1.57 44.66 31.08 6.78 -35.86 -27.62 4.74 4.52 4.73 -6.93 -8.54 -20.47 -41.58 0.65 -24.16 -33.54 -8.92 -25.27
-24.37 -30.18 3.92 39.31 17.08 -38.14 -17.73 -30.59 28.36 -43.95 -4.7 27.84 -3.25 -22.49 -25.05 8.5 -22.75 34.29 39.39 -21.27 -45.48 27.22 9.22 45.9 -8.95
3.72 12.99 -41.99 -44.42 16.74 10.68 41.31 -29.67 35.79 -8.1 24.31 -20.9 35.13 41.37 -11.73 -10.97 7.93 -34.49 41.37 14.3 -42.9 -16.21 -0.02 -38.62
-38.62 2.83 -40.34 -36.66 28.69 34.94 26.37 13.94 -17.06 -32.18 -43.8 -39.65 -30.17 -22.24 -8.54 21.91 -36.36 -4.01 35.34 -13.69 24.44 29.68 17.37
10.25 22.62 -11.1 -40.68 -32.04 -12.87 -22.14 6.12 12.16 19.69 25.7 -0.76 -4.86 23.94 43.02 34.03 31.16 -45.44 21.12 -25.72 -33.48 27.22
-12.27 -42.42 -31.88 18.11 -2.12 5.78 29.22 19.32 21.69 -17.78 32.13 -15.81 35.33 -2.46 16.46 -31.26 2.62 12.18 31.65 22.0 -12.39
-0.07 38.3 15.94 -10.3 -19.46 -16.43 15.67 -6.47 -16.71 25.86 -31.46 -28.24 -17.81 -17.22 -38.53 25.46 -47.92 -29.73 13.67 33.39
-32.55 -39.13 6.06 -33.72 -12.08 0.79 3.6 -9.08 -28.27 -49.01 43.62 48.23 49.71 24.33 27.06 -4.49 -35.8 9.01 -0.73
1.73 34.0 7.36 29.72 31.29 -22.18 47.62 -28.3 42.48 -34.52 28.28 -12.27 43.69 23.18 13.13 0.87 -6.8 5.15
-33.65 14.14 -3.14 15.53 -36.54 28.38 -7.76 43.94 -33.1 40.53 26.16 3.28 -1.95 -10.93 -12.83 43.98 30.36
7.43 33.39 -24.44 -26.61 -31.17 42.2 -6.86 14.36 -34.9 21.77 20.87 -7.83 17.29 22.05 -22.69 32.87
-41.69 -19.61 26.46 3.6 -48.16 9.95 -3.46 -34.07 32.2 8.43 -18.38 22.6 16.81 42.71 29.19
-46.16 6.61 49.64 19.13 -35.87 -11.56 9.33 -26.77 37.05 -45.8 -38.9 -25.29 5.16 21.87
-1.22 9.29 39.1 -49.93 49.94 -25.56 -11.22 18.87 -12.86 -38.05 -17.0 27.48 18.08
-43.72 7.17 -19.08 38.62 -36.08 -35.72 26.8 21.3 -0.87 33.33 3.46 -49.1
-40.34 12.08 7.61 11.71 11.19 -32.21 -15.43 8.59 -30.13 -10.82 -31.74
3.77 -10.41 27.28 -34.25 37.31 -24.24 -22.16 16.49 -23.77 -18.64
-19.47 -33.11 -34.32 35.68 2.89 17.81 -19.48 -9.89 35.65
-19.21 39.37 -22.56 39.96 3.91 16.78 -47.28 -39.04
-1.64 -6.8 -9.28 5.07 23.46 38.78 -10.23
-30.26 -0.75 49.83 3.37 -0.08 -4.68
-42.28 -36.68 -3.17 -38.75 -9.48
35.17 11.1 26.03 -45.06
40.0 -33.24 41.94
-44.31 -45.93
-16.26
