50
14 14 17 17 18 18 18 19 19 20 20 21 21 21 22 22 23 23 23 23 24 24 24 24 24 24 24 25 25 25 25 25 26 26 26 27 28 28 28 28 29 29 29 30 31 32 33 33 34 34
1 4 38 8 43 47 16 49 17 21 22 25 30 31
33 5 6 8 40 41 14 47 15 18 50 20 26 31
33 5 37 39 40 9 42 43 12 6 15 19 20 23 29 31 32
1 33 35 3 5 39 40 7 12 46 14 16 20 27 29 30 31
33 1 34 4 5 6 3 8 9 10 13 46 16 18 50 19 26 32
1 2 3 4 35 6 8 9 43 12 13 46 15 18 20 27 29 31
33 2 35 36 3 6 42 11 12 13 48 17 18 19 23 27 30 31
2 3 5 7 8 10 12 15 21 24 27 31 34 35 36 45 46 49 50
3 8 10 11 12 13 15 17 20 21 23 24 26 27 30 34 42 45 47
5 6 8 9 12 18 22 24 29 30 32 34 37 42 44 45 46 47 48 50
4 5 9 12 13 15 16 24 25 26 27 28 29 30 32 37 38 39 42 50
3 4 5 9 12 14 15 21 25 29 30 36 38 39 40 43 44 45 47 48 49
2 3 5 6 9 10 11 13 14 22 26 31 32 36 38 41 44 45 47 48 50
1 6 10 11 14 18 19 20 23 25 26 29 30 31 35 38 40 41 43 44 50
5 7 10 11 13 14 20 23 24 25 26 28 30 31 32 35 40 43 44 46 49 50
2 3 7 9 11 12 14 15 19 23 25 27 30 31 32 36 38 44 47 48 49 50
6 10 13 15 16 17 18 25 26 30 31 33 34 35 36 38 39 40 41 44 45 46 48
6 8 9 16 17 18 23 24 27 28 29 33 35 37 39 41 42 43 45 46 47 49 50
1 5 7 10 11 12 14 16 19 20 22 25 28 29 32 33 36 37 38 39 41 49 50
1 3 6 7 8 10 11 14 17 26 29 31 32 33 34 38 41 44 45 47 48 49 50
1 2 5 6 8 10 12 13 14 15 21 25 28 29 33 34 35 38 39 40 42 44 45 48
1 2 3 4 5 8 9 11 13 17 24 25 26 28 30 34 37 38 39 43 46 47 49 50
4 5 9 10 11 14 15 16 18 20 21 23 24 27 28 30 32 34 36 38 40 46 47 49
1 5 6 7 9 10 14 15 17 18 20 23 24 25 26 33 34 37 39 42 44 45 47 49
1 4 5 8 14 16 18 19 20 22 23 26 29 30 33 35 36 38 40 41 42 46 47 48
1 2 4 6 7 11 12 15 16 17 18 19 21 27 28 33 35 38 40 41 42 48 49 50
1 5 8 9 10 12 15 16 18 19 23 24 25 26 27 30 34 37 39 44 46 47 48 49
1 4 5 7 8 10 11 13 15 18 24 26 31 32 34 35 37 38 39 42 44 45 46 48 50
1 2 3 8 9 11 13 14 18 19 20 21 22 24 25 28 30 31 32 33 39 43 44 47 48
2 4 6 7 10 13 14 15 16 18 19 21 22 24 27 28 30 31 32 37 38 41 43 47 48
2 8 9 10 11 16 17 18 20 21 23 24 26 28 30 33 35 36 37 39 42 44 45 47 48
1 3 4 6 9 10 12 13 15 17 19 22 24 31 33 34 35 36 37 39 43 45 47 48 50
1 2 5 8 9 12 15 16 18 21 24 25 26 27 29 30 31 35 36 38 39 40 42 44 49 50
1 4 5 6 7 8 9 12 15 17 19 26 28 32 33 35 36 37 38 40 41 42 45 47 48 50
1 2 4 6 7 8 11 14 16 17 18 19 20 21 22 24 26 27 29 30 31 40 45 46 47 48
3 4 5 7 9 11 12 14 19 21 23 25 26 28 30 31 33 35 37 39 40 41 42 44 47 49 50
3 5 7 9 10 12 13 14 16 20 24 26 27 29 31 32 35 36 39 41 42 43 45 46 47 48 49 50
1 5 6 8 10 12 13 15 16 17 20 21 22 23 25 26 28 31 33 35 36 40 41 43 44 45 46 47
1 2 5 6 8 10 13 14 16 17 19 20 21 22 24 25 26 29 39 41 42 43 44 45 46 47 48 49
1 2 5 6 7 8 9 10 11 16 22 25 27 28 29 30 32 35 36 38 39 40 41 44 45 47 48 50
3 5 6 8 11 13 14 15 18 19 20 21 22 27 29 30 31 32 33 35 36 38 40 41 42 44 46 49 50
1 4 5 7 8 10 11 12 13 17 18 21 22 23 24 25 26 30 31 32 34 35 37 39 40 42 44 46 48
1 3 5 6 7 8 9 10 11 12 13 14 18 21 25 27 28 29 30 31 33 35 36 37 41 44 45 48 49
1 4 6 8 9 10 11 12 14 17 18 19 23 26 29 30 31 32 34 37 38 39 40 42 43 44 46 47 49 50
1 4 6 7 8 9 10 13 15 16 18 20 21 22 23 24 25 28 29 31 32 33 34 37 38 44 45 47 48 49 50
6 7 8 9 11 13 15 17 18 20 21 22 23 24 25 29 30 33 35 36 37 38 39 40 42 43 45 46 47 48 49 50
3 4 5 7 8 9 11 12 13 14 16 18 19 21 23 24 26 27 29 31 33 34 36 38 39 40 43 44 45 46 48 49 50
2 4 5 6 7 8 12 13 14 15 17 18 19 20 24 25 27 28 30 32 33 34 35 37 40 42 43 44 45 46 47 49 50
2 5 7 8 9 10 11 12 13 18 20 21 23 24 25 26 27 29 32 33 34 36 37 38 39 40 41 42 43 45 46 47 48 49
2 3 4 5 7 9 11 12 14 15 17 18 20 21 22 24 25 27 28 29 31 32 33 35 36 38 39 40 41 43 45 47 48 50
43.51 -48.13 -33.63 -22.06 10.72 -41.0 -23.19 -16.42 3.37 37.54 -22.66 17.45 31.95 27.89 -47.44 13.02 16.77 -43.16 6.52 33.48 37.71 -9.83 43.84 12.17 12.66 7.17 -15.51 31.33 -22.93 -22.5 -34.51 36.22 -34.84 -1.44 -36.28 -29.79 23.89 -1.14 47.82 -28.47 24.87 -25.76 -18.57 2.02 -49.1 33.26 -25.81 41.16 22.55 -45.18
42.72 -20.72 2.81 34.53 -10.47 36.53 15.14 -13.52 -42.2 -3.76 5.79 -32.71 -14.78 -31.11 -8.33 23.82 -49.73 44.83 0.82 -37.24 1.69 -43.98 36.73 16.32 -27.09 -26.76 -23.32 27.31 35.44 -46.86 -20.05 45.11 26.04 -19.55 -35.11 20.6 -44.55 33.41 -41.64 -14.55 -8.61 -3.42 43.36 -21.27 -22.15 -4.28 -14.54 3.53 25.15
-27.84 31.95 -11.6 4.28 -34.99 -34.73 4.94 -18.12 -16.75 -43.45 5.07 43.49 0.14 -22.76 -22.08 28.26 45.37 -15.59 41.23 -48.8 1.23 -16.09 2.07 -38.57 29.31 39.86 -8.53 23.64 -23.4 -11.26 13.93 -19.36 3.65 -25.12 -6.65 -23.53 -26.09 41.05 26.76 42.22 9.72 -44.31 4.27 14.09 -14.94 23.0 0.82 21.75
42.57 -35.58 -28.77 14.88 -1.16 -38.62 38.22 -27.31 5.06 -14.82 -37.21 21.57 39.38 -7.74 -18.64 24.33 -46.17 20.56 16.9 16.6 -17.54 32.92 -30.23 -16.29 15.61 17.94 -14.87 -21.47 3.78 14.46 47.04 -33.45 27.74 -47.23 17.59 -26.68 40.27 -36.83 -10.93 23.01 12.1 28.96 -9.67 -41.28 29.31 9.22 9.52
-46.7 36.78 38.52 -20.62 41.04 0.8 26.66 -37.51 -7.45 13.86 12.1 -8.42 0.45 21.67 11.06 -45.65 36.82 36.45 -37.09 -28.46 -43.42 43.57 49.87 -30.68 -45.8 43.25 47.64 17.12 -5.85 44.74 -48.31 11.56 15.94 49.29 -42.52 -7.16 40.13 1.26 -11.65 15.31 -9.16 -8.38 7.41 -48.4 -39.21 33.95
22.45 24.69 -9.25 -4.52 -27.98 -14.92 10.19 11.71 -24.85 -12.49 46.76 24.33 13.41 26.24 -15.4 18.06 -32.65 -12.76 47.6 -34.6 -15.8 -22.57 6.57 44.25 8.94 -34.74 -28.15 -49.26 -39.16 -48.03 0.26 -26.8 34.18 33.19 18.65 23.65 -40.32 44.82 -44.93 -48.55 38.97 -45.73 -15.85 32.31 -18.38
26.97 24.44 -29.13 -22.43 -23.3 49.23 -33.67 3.4 -41.88 31.47 45.62 12.33 -32.57 24.08 -14.1 34.75 -42.33 -43.02 30.64 39.06 39.33 -15.79 13.62 -36.08 -36.76 -37.44 7.61 -6.07 -40.3 31.93 34.26 -28.57 -29.48 -31.9 36.41 -4.54 -11.64 42.05 2.23 -37.59 40.39 0.54 36.05 45.39
-10.64 38.8 -23.34 46.9 -28.02 -7.79 2.98 -7.61 -24.14 -32.67 -25.69 37.7 17.91 25.7 23.6 -14.22 18.83 45.15 -21.37 -42.66 -12.67 -14.98 12.6 42.7 27.75 -19.88 39.57 3.59 -14.28 6.75 4.86 -6.37 37.53 -41.67 -13.48 -40.36 -46.89 11.76 -44.64 -49.66 -38.31 24.15 -15.9
-5.9 -20.86 -49.54 26.84 13.03 -5.44 -12.04 -38.62 -9.26 -42.35 49.19 -49.32 8.76 5.56 -5.0 46.94 28.46 9.41 15.81 -31.43 44.45 -21.8 -46.58 12.28 -30.81 16.66 49.95 -39.83 -47.96 17.14 27.02 2.86 12.92 2.49 20.34 7.2 -17.52 -25.44 43.69 8.18 44.42 -19.67
24.78 2.16 -34.54 -5.43 29.16 48.84 8.34 -11.39 -0.68 35.7 -38.5 -28.08 -28.8 -7.34 11.94 34.55 -23.26 -46.16 -11.36 -2.41 -43.0 31.4 24.24 -42.29 47.84 -17.82 49.61 18.44 38.17 -4.07 -15.28 -29.14 25.64 -39.31 -8.2 12.63 24.4 33.74 -20.79 44.96 27.9
0.18 22.27 5.48 -0.05 25.92 42.6 16.11 4.36 20.59 -41.47 -48.52 -34.1 -38.43 19.38 0.48 -39.17 -45.55 -15.48 15.79 20.96 -1.25 31.34 3.41 -1.61 -10.79 1.2 -19.45 28.19 17.98 -27.95 28.69 40.66 -9.9 43.71 48.74 44.33 11.99 4.86 -26.68 38.35
19.44 -27.16 -46.45 -21.77 -39.53 -12.37 -44.0 -40.15 6.96 46.38 -6.4 -41.27 -14.48 3.03 39.88 43.72 -6.11 -38.38 -45.62 -42.56 -13.86 11.02 -33.41 8.81 -27.92 -45.72 -40.12 26.78 49.94 37.77 -27.16 -26.93 -49.16 -26.95 37.7 5.3 37.44 -28.91 -26.82
-32.75 44.81 20.65 15.07 -36.77 47.47 45.29 4.37 7.67 18.58 28.85 19.28 19.34 19.5 -38.35 0.54 40.75 -48.83 -43.4 -13.05 -43.92 8.01 16.45 21.38 -21.14 -20.93 -20.61 36.58 13.19 41.21 -15.57 -18.46 -14.68 33.06 21.16 -30.12 47.32 10.5
39.43 -7.32 -8.1 -36.41 -25.88 -7.53 -17.21 32.56 -45.13 39.91 -15.38 -39.65 3.79 9.27 -1.28 -40.74 6.87 20.77 39.54 -33.87 39.88 23.23 -35.4 -47.05 -6.1 -39.37 -16.07 35.21 -36.64 -47.89 -36.29 48.46 21.99 -23.01 -12.75 45.95 -20.62
6.34 -26.61 -42.41 -47.49 13.94 -41.09 43.27 40.82 3.71 -6.94 28.98 -41.3 -14.42 -21.12 -42.63 -4.95 41.68 -41.18 4.35 -20.95 38.01 -3.11 -9.94 6.37 -20.87 -10.92 39.6 23.12 35.35 14.8 -11.45 1.99 20.48 35.45 -41.25 49.98
15.35 19.56 8.9 -38.96 -45.88 18.67 -8.82 -22.56 -34.44 -15.1 -10.86 -48.27 4.91 27.13 12.42 48.26 42.45 -23.38 -28.0 0.02 13.82 37.7 24.23 42.76 -15.95 -12.66 4.8 -6.13 -31.06 -46.41 6.25 3.66 35.32 1.58 -12.5
-4.86 48.71 49.74 41.37 8.45 7.82 -5.61 25.66 33.53 -4.12 -25.35 -15.07 -40.84 41.58 22.53 16.9 -24.25 -8.3 -20.87 -46.31 48.79 -20.8 41.97 -32.31 -6.13 -49.23 4.0 33.76 -37.22 -30.34 7.51 -30.26 -31.41 6.59
-28.52 -0.85 23.31 25.62 -30.23 -38.65 -1.53 -35.98 41.76 23.81 17.16 10.32 -44.41 -43.5 31.18 -34.04 22.21 5.87 7.97 -15.01 -27.97 2.87 24.09 19.47 39.61 12.74 48.2 23.47 -46.93 -20.9 -33.01 3.31 -34.87
-48.7 -22.4 36.53 -13.59 -32.73 25.14 20.03 -17.04 -19.46 -33.79 48.02 29.51 -45.37 0.9 15.1 49.09 33.34 13.02 -26.12 10.27 32.77 -4.23 21.18 -1.14 -25.17 -4.53 -24.09 20.69 21.55 6.38 -42.12 49.28
-41.83 -2.76 -37.27 -18.47 45.69 -39.87 44.6 -49.92 5.14 14.22 7.85 -37.55 -8.82 7.53 38.46 33.87 7.17 -48.81 32.4 -28.54 -23.11 22.15 -34.33 -47.68 -35.34 39.19 33.01 -22.49 -20.89 24.33 -4.24
-20.08 -48.76 -47.49 -11.18 -14.31 9.48 17.14 -7.65 33.62 21.69 37.96 42.31 5.91 33.7 -4.73 5.56 27.65 46.43 -37.93 3.91 26.39 -43.79 -22.9 -45.52 46.0 -40.52 -48.42 27.67 -6.49 14.04
9.37 -12.61 10.48 -35.28 -17.86 -9.08 20.09 20.92 41.65 48.05 -26.24 -5.72 42.14 -48.42 -14.89 3.11 -20.06 45.8 -1.29 28.3 14.75 -31.76 13.24 48.56 19.53 26.95 13.41 30.7 34.18
15.15 28.08 -7.72 11.4 17.66 40.93 8.69 49.13 46.22 35.54 -33.26 -11.55 -46.99 -31.56 -27.42 16.59 35.47 25.41 -47.86 28.81 -40.07 41.4 35.2 46.16 14.07 -49.54 8.21 42.66
-10.51 -44.84 40.09 -39.36 0.28 21.07 27.65 33.62 -6.55 36.71 17.44 21.75 22.17 7.72 1.14 39.07 5.53 40.38 25.03 -25.52 32.05 37.44 2.53 -14.75 -44.92 31.48 -34.75
-18.84 4.19 9.25 -40.19 -23.71 24.76 0.21 47.93 17.76 -44.53 29.33 34.04 8.39 34.93 7.45 42.16 13.0 -0.84 5.51 -32.68 -47.69 -5.01 13.6 2.9 7.51 37.12
-10.44 8.65 24.45 -38.26 -9.06 17.24 6.02 -43.48 19.76 -42.19 -7.28 38.83 27.17 -14.03 -3.85 -2.85 -11.31 10.08 18.07 35.0 40.76 -48.29 -3.81 9.72 -14.7
15.51 -14.98 -30.94 1.49 23.01 25.65 -32.93 -36.35 -30.8 6.79 -31.33 15.29 36.66 -34.24 16.71 3.52 -47.71 -17.84 49.55 14.26 -10.16 -2.27 9.86 -36.0
-23.41 -38.89 -25.46 -31.24 -35.98 40.45 -32.05 -22.05 -29.27 -36.14 14.62 40.82 46.63 -3.25 29.47 -46.29 25.72 -19.43 -16.78 4.11 10.4 15.66 -44.74
-8.64 0.01 22.07 -36.84 19.33 -23.61 -29.74 -2.86 26.57 -7.85 -3.92 18.37 22.52 -16.44 -36.86 28.27 -2.3 38.56 15.8 -49.51 -16.39 26.47
-9.13 -22.12 5.95 45.18 -24.43 31.81 -42.45 37.62 -31.24 -4.63 -31.47 -17.41 40.67 14.49 19.86 -41.39 -18.73 -9.48 -39.54 -27.22 38.63
-25.69 19.06 2.33 -37.08 -17.09 -6.84 25.57 -13.98 40.73 -40.21 -14.95 49.15 -38.38 10.32 -21.8 -26.53 4.97 19.57 -48.92 -37.54
43.96 35.03 -48.29 17.03 15.56 -22.55 -41.87 35.52 -42.88 -33.74 -39.6 -2.42 -8.05 48.49 9.68 16.68 47.45 -49.52 -48.54
-25.93 -31.6 48.99 -19.39 23.7 -47.95 -4.1 -4.65 33.86 25.53 -25.28 3.66 32.59 -33.49 39.1 -4.02 28.9 49.84
10.06 -32.45 -35.26 -11.72 5.74 26.51 -20.72 38.1 -40.75 7.56 -21.41 16.48 38.38 -33.42 -13.06 23.72 -31.2
-4.77 46.02 -12.71 -42.07 -26.79 -48.14 -42.26 12.82 -47.6 7.99 4.72 9.75 1.76 -44.91 38.83 10.04
-13.01 38.58 -49.08 31.62 36.13 -4.83 -29.65 32.41 13.48 -43.12 9.71 -8.8 -41.16 44.47 -2.62
19.12 10.43 47.06 -34.13 -39.11 6.06 14.09 -2.4 21.45 3.28 -22.02 44.94 41.16 0.13
29.12 24.26 -45.22 42.65 14.41 -31.36 25.99 -46.36 -28.01 0.39 -46.28 34.0 34.07
6.12 12.87 44.62 -12.09 -18.74 19.51 -24.28 13.89 17.44 -33.38 29.13 25.46
41.41 26.33 -20.77 15.71 43.85 37.58 -35.03 -46.91 -45.57 30.92 -47.31
-46.25 27.21 27.44 5.74 37.81 -30.6 34.01 -44.46 -7.86 43.85
10.84 -32.93 7.15 22.63 12.84 6.16 42.53 37.61 20.53
-24.57 -41.29 21.28 -49.39 34.12 20.92 -34.11 7.51
49.61 -37.79 -9.78 -36.91 14.26 -1.18 30.02
-16.54 -49.07 29.66 -33.34 -46.0 14.62
-16.95 48.38 8.81 -36.65 46.44
-41.94 -44.73 -21.06 -8.94
-33.68 24.11 -37.2
12.43 -32.56
28.77
