100
26 32 32 33 34 34 35 36 36 36 37 37 39 40 40 40 40 40 40 41 41 42 42 43 43 43 44 44 45 45 45 46 46 46 47 47 47 47 48 48 48 48 48 48 49 49 49 49 49 50 51 51 51 51 51 52 52 52 53 53 54 54 55 55 55 55 55 55 55 56 56 56 56 57 57 58 58 58 58 58 58 58 59 59 59 59 60 60 60 60 61 62 62 63 66 66 67 68 68 73
1 2 5 7 8 9 13 16 19 22 24 29 32 48 50 56 63 68 69 71 78 82 88 89 91 96
1 3 5 8 9 10 13 14 15 16 19 25 27 32 39 43 44 49 52 54 56 57 58 60 64 67 81 87 89 92 97 98
1 2 8 10 13 14 17 19 20 23 26 30 37 38 39 40 42 54 59 66 68 69 71 72 79 87 90 91 96 97 99 100
6 9 16 17 32 36 39 40 41 44 45 48 50 52 53 56 66 68 70 72 74 77 79 80 81 83 84 85 87 89 91 94 97
3 4 10 11 15 16 17 18 21 23 27 31 34 38 39 40 41 42 46 51 52 56 57 60 67 70 71 77 83 91 92 97 98 100
4 7 11 15 18 26 31 33 35 36 38 41 43 44 48 50 51 52 58 59 60 61 62 63 64 66 69 74 76 83 96 97 98 99
2 5 16 18 19 21 23 24 27 29 37 38 41 44 46 48 49 50 54 55 56 57 59 61 69 76 80 81 82 85 86 87 88 95 99
4 5 6 11 15 16 23 24 26 30 34 36 37 38 45 53 54 56 57 61 69 70 71 72 73 76 80 81 82 85 88 90 96 97 98 99
2 6 7 9 10 13 14 15 16 21 22 23 24 25 29 33 34 39 42 47 50 52 63 66 68 69 70 72 74 77 83 85 87 88 94 96
2 8 9 10 11 13 14 16 18 19 20 25 28 29 32 39 42 43 50 52 55 57 60 62 65 70 74 75 83 86 87 95 96 97 98 100
2 3 5 9 11 14 15 18 22 24 25 28 34 37 38 40 41 42 45 47 49 50 51 60 62 63 70 71 73 79 80 82 83 87 88 91 97
2 3 4 6 7 15 17 20 25 29 32 35 37 39 43 45 49 51 52 56 57 60 61 62 64 65 69 72 77 81 82 85 86 87 88 91 94
1 6 9 14 15 18 19 21 24 26 30 31 33 35 39 41 42 44 50 52 54 58 59 65 74 75 77 79 83 84 85 86 87 89 93 96 97 98 100
8 9 12 17 19 20 23 24 26 27 29 31 32 34 35 36 38 40 42 44 46 51 53 59 60 61 62 69 70 71 73 76 78 79 80 91 92 94 98 100
1 3 4 5 8 14 15 17 20 22 25 35 38 41 45 50 51 52 57 61 66 69 70 71 72 76 78 79 80 82 83 84 85 87 88 92 95 96 99 100
1 3 4 5 7 11 14 15 16 19 25 26 27 29 30 32 33 37 41 50 51 55 58 62 64 66 67 68 69 70 74 78 80 81 84 86 91 93 94 96
2 5 6 7 10 11 12 16 21 24 28 29 30 31 36 38 41 45 46 50 52 56 62 64 65 66 68 70 71 75 76 78 79 81 82 90 92 95 96 100
1 4 8 9 11 19 20 23 24 29 30 31 32 37 38 39 40 43 47 49 50 51 52 56 60 61 67 68 73 74 76 77 79 81 82 85 88 90 94 96
6 8 10 11 12 15 20 26 28 31 33 35 36 37 38 40 42 48 52 53 55 57 61 63 65 66 67 68 69 70 71 74 79 85 86 90 92 94 95 100
1 8 12 13 15 16 23 28 29 31 32 36 37 38 39 40 41 42 47 50 51 55 56 58 60 63 64 65 67 74 75 84 85 88 90 91 93 94 98 99 100
1 2 3 4 5 12 14 15 17 19 23 24 31 38 40 43 47 48 51 53 57 59 60 62 64 65 67 69 71 73 76 77 78 79 83 87 90 93 94 95 100
1 2 7 9 13 15 16 19 20 25 26 28 30 31 32 34 35 39 42 45 48 49 50 52 53 56 61 64 65 66 67 69 73 75 76 77 79 83 85 90 93 96
2 7 8 9 10 11 12 13 14 18 20 22 28 37 38 42 46 47 50 54 59 62 63 65 66 69 71 72 73 74 76 80 81 84 86 88 90 92 93 95 98 100
6 8 10 13 14 17 18 22 25 26 27 28 31 32 33 34 35 37 38 48 51 52 60 62 63 64 66 67 68 69 70 73 75 76 77 80 83 87 89 90 97 98 99
3 6 7 10 12 13 17 18 19 26 27 29 30 31 32 34 36 37 38 41 43 54 55 56 57 58 61 62 63 65 67 68 70 71 73 74 85 88 92 94 95 97 99
1 7 10 11 12 13 14 15 17 18 22 23 25 26 27 29 34 40 41 45 48 51 52 53 54 56 60 69 70 71 72 74 75 76 78 80 81 82 83 86 97 99 100
1 3 5 10 14 16 17 23 25 27 31 32 34 35 36 38 40 41 42 43 46 47 48 50 53 56 57 59 61 62 66 74 77 78 80 81 82 84 87 88 89 91 97 98
1 2 3 7 8 9 15 16 18 19 20 23 26 27 30 32 37 38 39 45 48 50 55 56 58 59 61 63 66 67 74 81 84 87 88 90 92 93 94 95 96 97 99 100
1 3 4 6 9 11 13 14 15 16 18 19 20 21 25 28 32 34 42 44 47 48 49 55 59 60 64 65 66 71 73 74 75 76 77 78 79 80 89 90 94 95 97 98 100
1 3 6 7 10 11 13 14 18 19 21 23 24 25 26 28 29 30 31 32 34 36 37 39 40 41 43 45 47 50 54 55 63 66 67 69 72 73 75 77 79 80 87 95 99
1 8 10 13 14 15 16 17 22 24 25 26 27 35 39 40 45 46 47 48 50 54 60 62 63 64 67 69 71 74 75 76 77 78 79 82 83 85 87 91 94 95 97 99 100
1 2 4 8 10 15 17 19 21 24 25 31 35 37 38 41 42 43 44 46 48 49 50 56 58 61 63 65 66 69 72 74 75 76 77 78 81 82 86 88 90 92 95 97 98 99
2 4 5 7 9 14 18 19 26 27 28 29 38 40 45 49 50 52 53 57 58 59 60 61 62 68 70 71 73 75 76 77 78 79 80 81 85 86 87 90 95 96 97 98 99 100
1 3 4 5 6 7 10 11 15 17 20 24 27 30 31 33 34 36 37 40 41 42 45 48 50 51 53 54 58 59 63 64 66 67 69 75 78 80 81 84 88 91 92 93 95 97
1 2 3 4 6 12 15 16 18 20 21 23 24 25 26 30 32 33 34 36 37 38 40 43 46 53 54 57 59 65 66 74 75 77 78 81 82 84 86 87 90 91 93 95 97 98 99
1 2 3 4 5 7 8 9 12 18 20 22 24 29 30 32 35 38 39 40 41 42 48 49 52 57 58 60 62 63 64 65 71 75 83 84 85 86 87 91 92 93 94 95 97 98 99
1 2 5 8 9 11 15 17 18 21 29 31 32 33 34 38 39 40 42 43 45 46 47 52 54 55 61 67 68 69 71 72 73 77 78 79 82 85 86 88 89 94 95 97 98 99 100
4 5 6 7 9 10 12 14 19 20 22 24 27 30 31 32 34 35 36 37 41 42 45 47 48 49 53 59 60 65 66 69 72 74 76 77 79 80 81 86 89 90 91 93 94 95 96
1 2 6 7 11 12 13 14 17 20 21 22 23 25 26 27 28 30 31 32 33 34 35 36 37 42 43 50 55 57 63 64 65 67 68 72 73 75 76 79 80 81 86 87 89 90 93 96
2 4 6 8 9 12 13 15 16 17 18 19 21 24 25 27 29 30 36 38 39 40 41 42 44 48 49 54 55 57 59 66 72 75 76 77 78 79 80 81 84 85 87 89 90 95 97 100
2 3 5 7 10 12 13 14 16 17 19 20 22 23 28 29 32 33 37 38 39 40 41 43 44 49 50 53 54 60 62 64 65 66 69 71 78 79 81 83 85 89 90 91 92 94 96 97
1 2 6 12 13 15 16 17 21 22 23 24 27 30 34 35 38 42 43 45 46 49 50 51 53 54 56 58 61 62 64 65 67 68 69 71 72 73 79 80 81 82 84 85 89 90 92 98
3 4 7 8 9 10 14 20 23 27 28 30 32 33 34 36 39 40 41 43 44 51 52 53 55 56 61 62 64 65 68 69 70 71 72 73 74 75 76 81 83 84 86 91 93 94 95 96
3 7 10 12 13 14 15 18 19 21 25 26 33 36 37 38 40 41 43 46 50 51 54 55 57 58 60 61 62 65 66 69 70 72 73 77 79 80 87 88 89 90 91 93 94 95 96 98
2 3 4 8 10 12 14 15 17 19 20 21 22 27 30 31 32 33 34 36 37 38 40 42 44 46 47 48 50 53 56 58 60 66 67 69 71 72 75 77 79 83 87 88 91 93 96 97 99
1 2 3 7 9 12 13 16 17 18 19 20 21 22 24 30 32 33 35 37 39 40 42 44 47 51 53 60 61 65 67 68 71 72 73 75 76 77 79 81 82 83 86 89 90 92 93 95 99
1 2 4 5 7 8 9 14 16 17 18 21 24 25 26 28 30 31 35 36 37 39 43 44 45 50 51 52 55 58 61 62 64 67 68 69 70 75 76 77 80 85 86 91 92 95 96 97 99
3 4 5 6 11 12 13 14 15 20 21 23 25 26 27 32 37 40 42 46 47 49 51 52 53 54 55 56 57 58 59 62 63 67 68 69 70 73 75 78 80 82 84 87 88 89 91 96 98
2 3 5 7 9 11 16 17 18 27 28 29 30 33 36 39 42 43 46 49 50 51 54 55 56 57 60 65 66 67 70 72 73 75 77 78 81 82 83 84 85 86 88 90 94 95 96 97 98
1 2 6 8 10 12 14 15 16 18 19 24 26 33 40 41 43 44 47 49 50 52 53 57 60 62 63 65 66 67 68 69 70 71 73 74 75 76 78 79 80 81 83 84 86 88 91 92 96 100
5 6 7 8 9 13 20 21 25 26 28 30 34 35 36 37 38 40 42 44 45 46 47 50 52 53 54 55 56 57 58 59 61 64 69 70 71 72 76 79 80 81 82 83 84 87 88 90 94 95 97
1 4 5 8 12 14 20 23 26 27 30 31 33 34 36 37 39 42 43 44 45 46 49 51 52 53 64 65 66 67 69 70 71 72 74 75 78 79 80 83 85 86 87 88 89 92 93 94 96 99 100
4 5 7 9 11 13 16 19 21 23 24 25 27 28 31 34 35 36 37 39 43 44 46 50 51 54 56 58 59 60 62 64 66 68 70 71 72 73 78 79 80 82 85 86 89 91 92 93 95 98 100
2 5 7 9 10 11 12 14 16 18 19 20 21 25 26 28 29 30 32 34 36 37 43 44 45 47 49 53 57 58 59 62 63 64 68 70 71 73 75 81 82 83 84 86 87 90 91 92 94 96 100
1 3 4 6 7 9 12 14 15 18 20 24 25 27 28 29 30 31 35 36 40 41 44 48 49 51 56 57 58 59 60 61 64 65 66 67 68 70 73 74 76 81 83 86 89 90 91 95 97 98 99
6 9 10 14 15 17 18 22 23 25 27 31 32 33 34 35 36 37 39 41 42 43 45 50 53 54 56 59 60 63 64 66 67 68 73 75 76 77 80 82 84 87 88 90 91 93 94 95 96 97 98 99
3 4 7 10 11 15 16 17 19 21 22 27 30 32 33 39 41 42 45 48 52 53 55 56 57 58 59 61 62 63 64 65 70 75 76 77 78 79 80 81 83 84 85 87 88 89 90 93 94 95 99 100
5 12 13 14 18 19 20 24 25 27 28 29 30 32 33 35 36 37 42 44 45 47 48 49 51 54 56 57 59 60 62 63 65 68 71 72 73 79 80 81 82 84 86 88 89 92 94 95 96 97 98 99
2 4 7 8 9 12 14 15 16 17 19 22 23 26 28 29 30 34 35 37 38 41 44 46 50 51 52 54 58 59 60 61 62 64 66 69 71 72 73 75 80 82 83 84 87 88 89 90 93 94 97 99 100
1 4 6 8 13 14 15 20 22 25 26 28 30 31 32 33 34 39 40 41 42 45 47 48 49 51 52 55 56 60 62 63 65 66 67 68 69 70 71 75 77 78 80 82 84 85 86 88 89 95 97 99 100
4 5 9 10 12 13 16 19 21 22 23 24 26 27 28 29 31 33 34 35 37 38 39 40 41 43 44 46 48 50 52 53 58 60 62 63 64 65 66 73 74 75 78 81 84 85 86 87 88 92 93 95 97 100
2 3 4 7 8 9 11 12 13 14 15 17 19 20 21 22 24 27 28 29 30 34 36 41 42 43 45 47 49 50 51 54 55 56 58 59 60 62 66 67 68 69 72 75 76 77 78 80 81 82 85 86 87 97
1 2 3 5 7 8 9 11 13 15 16 17 20 21 22 25 28 30 33 35 36 39 41 43 44 45 49 50 53 54 55 56 58 63 64 65 66 69 71 72 74 75 77 78 79 81 82 88 89 92 94 95 96 98 100
1 5 7 8 9 10 17 19 21 24 26 27 28 29 30 31 33 34 36 38 39 40 42 44 47 50 51 52 53 58 59 60 63 64 66 71 74 75 76 77 78 80 81 83 85 86 88 89 90 91 93 94 95 96 99
1 3 5 6 8 10 11 15 17 19 20 23 26 28 32 33 35 36 37 39 40 41 43 44 48 50 51 54 55 57 58 59 60 61 62 63 64 65 66 67 70 71 72 74 78 79 81 82 88 91 92 93 96 97 100
1 3 5 6 7 12 13 15 17 18 20 21 27 28 29 31 34 35 39 40 44 46 47 48 50 52 53 56 57 58 59 60 61 63 64 65 67 69 71 73 74 76 79 80 82 84 85 88 89 93 95 96 97 98 99
1 2 7 8 10 11 12 14 15 17 19 22 24 27 29 31 34 35 36 38 39 40 41 42 43 45 46 47 50 52 53 55 60 61 62 63 65 66 67 69 74 77 79 83 85 87 88 89 90 91 92 94 97 98 99
2 3 4 5 6 8 9 11 15 17 19 20 21 22 23 24 25 30 31 34 36 37 39 40 42 44 46 48 50 51 53 57 58 62 65 66 68 73 76 78 79 80 82 83 84 85 87 88 89 90 92 93 95 96 98
1 2 7 8 9 10 11 12 15 16 18 19 20 21 23 24 25 26 29 30 31 32 33 34 38 39 40 41 43 44 45 48 49 50 54 58 59 60 63 66 68 69 76 77 78 80 81 89 90 91 94 95 96 98 100
1 3 4 7 9 10 11 14 15 17 18 19 20 22 23 24 25 26 29 33 38 39 43 44 45 46 47 48 49 52 53 54 55 57 58 59 60 64 67 69 71 73 74 76 77 82 83 84 85 88 89 91 94 95 96 98
1 2 4 6 7 8 9 10 11 13 16 17 20 21 22 23 25 26 27 28 29 30 31 32 33 34 39 42 43 46 48 49 52 53 54 55 56 63 64 65 67 69 72 74 75 77 78 80 81 83 84 85 86 91 96 99
2 3 4 7 8 9 10 11 14 16 18 19 20 21 23 24 27 28 29 32 33 34 36 37 38 46 47 48 50 53 54 56 59 62 63 64 68 69 70 71 72 73 77 79 80 81 82 83 87 88 90 91 92 93 95 96
3 4 5 8 9 14 18 19 21 29 30 31 32 33 35 36 38 40 44 45 46 47 48 49 52 53 54 55 56 57 58 60 61 63 66 69 70 71 72 74 76 78 79 81 82 87 88 89 91 93 94 95 97 98 99 100
2 3 6 7 9 10 11 13 14 19 21 24 25 26 27 28 31 32 35 36 37 38 39 41 45 46 47 49 52 54 57 58 62 63 64 65 69 70 71 73 75 77 79 81 82 84 85 87 88 90 92 94 96 97 98 99 100
2 3 4 6 9 13 14 17 18 20 21 22 23 25 26 27 31 33 34 35 36 37 38 40 42 43 45 46 48 51 53 54 55 56 57 58 61 63 68 70 71 72 74 78 80 81 83 86 88 92 93 94 95 96 97 98 99
3 5 6 7 12 15 17 18 20 21 22 23 26 27 28 29 30 31 32 35 36 37 38 39 40 43 44 46 47 49 50 51 52 53 58 61 62 63 64 65 66 67 68 69 70 72 73 74 75 76 78 79 83 84 87 91 92 98
1 2 3 7 8 9 10 11 12 13 16 17 19 20 21 22 23 25 27 28 29 30 32 37 39 42 43 45 46 47 48 51 54 55 56 57 59 61 62 63 65 67 68 70 71 74 75 76 77 78 79 82 84 86 91 94 96 97
2 3 5 6 7 8 9 10 11 12 15 17 19 20 21 22 23 26 28 29 30 32 33 35 38 39 43 45 48 50 51 53 55 57 59 60 62 64 65 67 69 70 71 73 74 78 80 82 83 84 86 87 89 90 91 92 94 96
2 5 6 8 10 11 14 15 19 20 22 23 24 25 28 29 30 31 35 37 38 39 40 41 42 44 47 48 50 51 54 55 57 59 60 62 64 65 69 72 73 74 75 76 77 80 81 82 84 87 89 90 92 93 94 96 97 98
1 2 4 5 10 13 14 18 19 20 22 25 28 29 31 32 33 35 37 38 41 42 44 45 46 48 49 50 51 52 53 54 59 60 62 65 66 67 68 69 70 72 73 76 78 80 81 82 83 84 86 87 93 94 95 96 97 98
1 5 6 8 11 12 14 15 16 19 20 23 26 28 30 31 32 33 36 37 38 39 41 44 46 47 49 50 54 56 57 58 61 63 64 65 66 67 68 69 70 71 72 75 76 78 79 80 81 82 84 85 91 92 93 94 97 100
1 5 6 7 8 9 10 11 14 15 18 21 23 24 25 26 27 28 29 30 31 32 33 34 35 36 38 42 44 48 49 50 51 52 54 56 58 59 62 63 64 67 68 69 72 75 76 77 81 82 84 88 90 93 95 96 97 98
2 3 4 9 10 13 14 15 16 17 20 21 23 27 28 29 30 31 32 37 38 39 40 41 43 44 45 47 49 51 52 55 57 60 61 63 65 66 67 68 69 71 72 74 76 77 78 79 80 82 85 88 89 90 92 93 94 99 100
2 3 6 10 11 12 15 17 18 19 20 22 24 25 27 28 30 34 35 37 38 39 41 44 45 47 48 49 51 53 54 56 57 58 60 63 65 67 69 72 73 74 76 77 81 82 84 85 86 87 89 90 92 94 96 97 98 99 100
1 2 6 7 8 9 10 12 13 15 16 17 18 19 20 21 23 24 25 26 28 29 30 31 34 36 38 39 41 43 47 50 51 53 55 57 60 62 65 67 69 71 73 75 76 77 78 79 81 83 85 87 88 90 92 94 95 99 100
1 3 5 6 8 9 10 11 13 14 15 17 19 23 24 26 27 28 31 32 34 35 39 43 45 47 48 49 50 51 55 56 58 59 60 61 62 64 65 67 68 69 70 72 73 74 75 76 78 82 83 84 85 88 91 93 97 99 100
2 4 5 6 8 9 11 12 13 14 15 17 19 20 21 23 24 25 26 27 31 32 33 38 39 41 42 45 46 52 53 54 55 56 57 58 60 61 65 67 69 70 71 72 73 74 75 78 81 83 84 85 86 87 88 89 91 92 93 95
1 3 4 5 7 8 9 10 12 13 15 18 20 21 22 23 24 25 26 28 30 31 33 35 36 37 38 40 42 44 45 50 51 53 55 63 64 65 68 69 71 72 73 77 78 79 84 85 86 87 88 89 90 92 94 95 97 98 99 100
1 2 3 4 6 7 12 16 17 20 23 24 25 26 27 28 29 30 31 32 33 34 35 39 40 41 42 44 46 47 50 51 52 53 54 55 56 58 61 71 75 76 78 80 82 83 85 86 87 88 89 90 91 92 93 94 96 97 99 100
1 4 6 9 11 12 15 16 17 18 19 23 24 25 26 27 28 30 31 32 33 35 36 37 38 39 42 45 46 47 48 50 51 52 53 54 56 57 59 61 64 66 67 68 72 73 74 75 76 79 81 83 84 86 87 89 90 93 95 100
1 4 5 9 10 11 15 16 21 22 23 27 31 32 33 35 36 40 41 42 43 44 46 47 48 49 50 51 52 54 55 56 60 61 62 63 64 65 66 67 69 70 74 75 76 78 79 80 81 83 86 88 89 90 93 94 95 97 98 99 100
1 7 8 9 11 12 13 16 17 19 20 21 22 23 24 25 28 29 31 32 33 35 36 37 38 42 43 45 46 48 49 50 51 52 53 55 58 59 60 63 65 66 68 70 71 75 76 77 78 79 80 82 84 85 87 88 93 95 96 97 99 100
1 4 5 9 10 11 12 13 14 16 18 19 20 24 26 29 30 31 32 33 34 36 38 40 41 42 43 46 47 48 50 51 53 54 55 56 57 59 60 62 64 65 66 68 69 70 71 72 73 77 78 79 80 82 86 89 91 92 94 96 97 98
1 2 3 4 6 8 9 10 11 12 14 15 16 18 22 23 24 26 28 29 30 31 32 33 35 36 37 38 41 42 45 46 47 48 49 50 51 53 57 58 60 62 63 64 68 69 70 71 73 74 78 79 80 81 86 87 91 93 94 95 97 99 100
1 2 3 6 7 8 10 11 12 13 15 16 17 18 20 22 23 25 27 29 30 32 33 34 35 37 38 39 41 43 44 45 46 47 48 49 50 51 52 53 54 55 58 59 60 63 64 65 66 67 71 72 74 75 76 77 78 79 80 81 82 84 92 96 97 100
1 2 3 4 5 6 8 11 12 13 14 15 17 18 19 20 25 26 28 29 30 31 32 33 39 40 42 43 46 48 50 51 52 53 54 55 56 58 59 61 65 66 67 68 71 73 74 75 76 78 79 80 82 83 84 85 87 88 91 93 94 95 96 97 99 100
3 8 9 10 12 13 14 16 17 18 19 21 22 24 25 26 27 28 29 30 31 32 33 34 36 38 39 41 42 43 44 45 46 47 49 53 56 57 58 59 60 61 63 64 65 66 67 69 70 72 74 75 76 79 81 83 84 85 87 89 90 92 93 94 96 98 100
1 2 3 4 5 7 8 9 10 11 14 16 17 18 20 22 23 24 26 27 29 32 33 35 36 37 38 39 40 42 43 44 45 46 47 48 49 50 52 53 54 55 56 59 61 62 65 66 67 68 69 70 71 72 75 76 79 81 82 86 87 88 89 90 91 95 96 97
1 2 3 5 6 10 12 13 14 17 19 20 22 23 25 26 28 29 30 31 32 33 34 35 36 37 38 39 41 42 43 44 46 48 50 52 53 54 56 57 60 61 62 63 64 65 67 68 69 71 72 73 76 77 78 80 82 83 87 90 91 92 93 94 96 97 98 99
1 2 3 4 5 6 7 8 9 10 17 19 20 22 23 24 25 26 27 28 30 31 32 34 36 37 38 39 40 43 44 45 46 47 48 50 51 52 53 55 56 58 59 60 61 62 63 66 67 68 69 71 72 73 75 77 78 79 80 81 82 83 84 85 86 87 90 91 93 96 98 99 100
13.24 32.59 36.4 -18.98 -11.81 -15.04 34.28 -16.48 13.07 27.35 46.59 1.64 -0.89 32.53 23.71 -23.06 -6.11 -2.51 42.33 -27.03 -6.39 -26.7 36.21 -18.99 -26.67 -25.82 -10.98 -18.61 44.22 16.98 38.95 -12.94 -15.45 23.92 28.35 -13.63 48.53 48.46 37.89 48.4 43.85 10.19 -25.27 13.99 -8.3 9.78 -19.4 -28.71 3.93 -20.89 48.2 36.2 20.82 16.31 -29.2 -5.84 24.45 42.47 -5.86 -5.66 8.09 32.77 -26.45 -27.47 -18.75 -9.05 46.53 -21.1 45.23 -14.55 43.68 -4.56 23.84 15.8 21.37 35.61 -14.4 32.33 -28.77 -10.9 21.52 -25.02 21.76 48.23 -22.15 -3.62 -21.22 25.49 21.9 -21.64 9.2 -28.64 43.77 15.15 0.68 23.72 -0.05 29.87 -9.68 18.46
4.43 24.39 37.65 28.2 -21.64 -12.51 42.21 20.61 18.74 28.04 15.15 -26.17 -27.61 4.65 40.69 35.57 7.08 28.33 43.01 -12.19 42.08 27.69 0.26 -3.7 -9.55 8.44 23.33 46.1 31.66 4.22 44.78 -29.3 32.43 -21.22 -2.79 32.07 -18.64 36.69 -23.76 24.59 25.16 33.66 35.82 42.57 -2.8 34.67 15.11 49.37 -29.18 -8.92 -26.38 -26.58 -8.02 0.73 -11.98 12.66 -14.69 -0.91 -19.62 15.24 24.53 36.34 1.23 22.45 -16.24 46.8 1.27 10.55 26.17 35.53 -26.55 -1.37 1.61 38.34 11.08 12.82 19.95 2.51 49.94 5.46 30.34 29.65 45.36 -6.81 -15.85 -27.7 -18.48 7.29 26.65 -29.42 -6.14 -22.3 36.21 22.77 41.91 -26.8 -23.39 34.61 -1.41
28.5 -9.37 -26.59 -24.89 -1.88 23.46 49.84 -22.9 36.11 -28.73 19.63 23.9 49.19 -8.76 23.6 -28.85 12.56 28.17 -26.62 15.64 -21.02 19.7 7.0 36.32 -26.56 6.49 39.65 -25.94 -4.92 40.98 9.09 43.58 -10.09 49.12 6.5 34.54 1.29 16.14 -13.8 -8.84 45.09 26.73 -21.53 1.38 49.23 -14.09 24.18 -3.47 -4.1 -7.35 44.65 1.73 17.71 -18.78 36.43 13.0 -3.33 -17.68 26.53 -23.31 -27.99 -12.48 -25.03 34.6 41.11 8.68 35.57 0.52 1.82 36.49 22.27 9.69 -2.93 1.21 10.43 20.98 42.33 -5.25 -13.43 -13.91 -3.41 -10.99 22.04 33.75 -8.13 2.81 49.33 3.87 -0.66 36.33 -16.18 -25.13 40.29 48.28 -6.23 -0.68 24.36 11.72
14.99 15.97 -11.01 38.2 17.26 -28.98 38.06 -4.35 41.2 24.77 49.63 48.39 -27.01 7.91 -11.4 46.74 30.15 -10.77 16.26 26.98 3.87 30.66 -28.09 35.67 -13.39 16.63 -14.71 -13.27 -0.19 -25.13 -18.67 -17.05 -26.8 -28.11 1.64 3.17 1.16 14.42 -3.8 5.57 49.37 35.68 18.71 38.09 24.1 12.86 -14.08 -15.94 38.05 -29.21 -4.05 18.54 22.7 23.85 -18.54 27.23 -4.3 -24.72 22.9 37.91 35.48 22.11 10.22 -19.76 -27.3 36.31 -16.58 -14.59 28.55 22.17 21.74 -18.06 -2.71 -21.48 30.0 9.64 6.05 12.34 9.33 13.31 25.61 9.89 -23.64 -10.5 -28.08 2.53 -17.75 -16.32 17.86 11.78 1.73 22.14 29.27 -3.15 -18.02 7.46 -19.86
7.51 13.32 6.45 -19.18 -7.66 0.69 -19.01 -16.56 0.99 13.08 12.35 49.26 25.83 -9.73 4.33 7.97 38.87 0.48 36.26 -10.24 -26.33 15.61 -28.05 -21.03 17.89 36.05 15.59 -25.9 -21.88 13.31 -15.7 28.21 34.1 4.11 14.89 35.43 -23.59 -23.35 14.85 13.96 7.89 4.84 3.19 -10.46 -9.09 15.86 -18.2 -11.93 10.17 11.46 34.88 -28.18 -0.36 -18.02 34.98 6.32 2.88 36.07 19.77 -12.2 -10.43 -20.53 -15.69 -3.81 40.71 41.9 35.94 34.92 -27.94 3.58 46.34 -25.39 1.23 31.25 26.53 24.99 -27.84 -12.59 -12.99 40.03 -24.63 -19.33 41.41 6.02 26.38 11.3 0.81 3.41 44.93 6.45 18.86 18.39 18.53 42.03 -12.17 33.92
-27.26 -11.34 3.38 -19.03 45.97 -25.61 45.1 -29.78 20.16 -18.98 -16.05 -5.74 -9.25 20.49 29.85 19.35 -27.97 33.47 -29.87 -10.01 -28.57 43.69 26.28 26.95 43.7 -8.16 -6.53 32.04 21.04 46.48 25.85 -11.29 33.15 -12.33 -28.47 -22.15 -29.09 39.19 44.79 -17.92 1.48 2.23 35.27 -19.78 27.39 -2.63 14.1 22.76 15.06 41.25 -24.85 46.4 39.31 -12.95 -27.13 25.64 -7.61 2.91 -27.05 31.07 29.71 37.28 7.01 40.24 -12.66 12.6 23.3 40.79 32.73 -2.81 -12.64 20.7 -11.63 48.55 -29.61 44.64 -27.52 -16.44 -22.09 36.07 -14.32 -22.74 12.72 21.95 30.73 -15.35 -4.95 -16.04 -5.06 6.09 -6.24 -11.71 5.12 41.62 -13.21
6.09 37.43 28.2 -8.6 14.03 -11.08 -13.2 21.23 -17.79 28.12 6.82 30.08 19.39 32.65 8.04 18.38 34.74 9.47 -5.53 49.73 -27.56 -2.98 18.88 -11.19 38.48 24.78 30.88 9.63 29.7 -20.13 24.06 -24.53 -25.58 45.65 47.75 -1.16 8.45 4.84 14.4 42.26 -26.44 -26.07 23.83 47.93 43.93 48.09 -18.78 5.88 -12.86 -10.08 -15.28 -3.41 -27.05 38.85 5.09 -14.92 -8.8 -22.17 30.45 -7.8 17.3 30.6 -17.15 -16.65 0.19 33.33 32.96 9.82 4.49 31.92 -2.44 -9.14 -6.76 -22.91 18.23 3.46 5.94 -16.54 49.85 45.26 47.09 -24.9 -12.56 19.42 19.85 -3.31 41.08 39.18 21.71 -7.66 30.68 46.9 44.64 5.39
44.09 17.89 32.06 0.87 -19.09 19.51 23.97 7.56 25.95 -9.22 7.76 46.81 -27.71 21.57 48.28 15.67 10.5 24.87 -5.92 -16.28 12.46 -2.07 2.56 44.93 -0.66 -8.71 33.99 -12.6 14.65 -0.42 44.85 8.57 13.53 -5.79 41.7 -28.58 33.78 -20.51 -26.77 -18.72 42.97 37.36 21.04 -28.65 29.05 24.2 11.77 -28.1 -27.17 29.24 -29.61 30.07 13.01 -14.55 -1.28 -15.59 6.69 -21.0 -17.73 15.85 -1.54 21.45 -4.04 -5.65 19.73 -4.81 -11.57 48.21 2.5 13.38 22.78 5.72 46.14 6.32 34.78 -27.42 -8.51 34.18 22.81 49.21 -25.01 29.15 31.7 -11.77 -12.85 -0.72 -28.84 30.61 -23.79 9.58 -15.46 -25.35 25.86
29.17 14.56 1.35 15.23 -16.88 -22.67 -24.52 24.74 39.56 23.85 29.69 -27.21 -1.61 15.81 23.29 48.1 3.08 6.18 47.39 44.94 23.11 -10.6 -17.75 -20.92 -13.89 16.92 14.86 -8.07 -7.17 21.53 13.55 46.34 24.53 24.29 40.85 14.52 26.63 -1.67 -28.32 -24.6 -9.43 39.09 42.13 -27.91 43.27 -19.29 -25.44 12.12 27.9 -4.06 13.36 -14.69 17.33 -27.25 17.4 28.26 23.08 45.9 -16.64 -10.58 42.54 30.2 29.36 -24.45 -7.08 27.13 46.59 37.82 40.38 34.48 -24.33 -5.7 6.13 -4.86 23.68 2.92 8.61 -20.68 38.12 -11.7 33.51 19.62 21.8 -5.63 -24.31 -25.15 20.68 29.78 -11.61 -25.8 4.51 21.15
-20.12 24.47 7.55 -7.14 42.48 20.93 -10.03 -6.06 44.22 29.59 -12.43 12.51 -2.41 0.06 44.24 -8.16 -29.39 -21.88 27.39 20.74 31.9 1.0 -16.72 23.8 47.8 23.97 30.63 -5.73 39.58 35.67 -10.76 -25.2 49.65 28.02 -11.42 10.73 5.36 6.38 -1.43 22.36 46.04 37.18 -14.87 42.61 -4.37 -20.46 33.89 17.43 40.22 -15.02 -20.15 19.42 -13.79 2.0 -0.95 10.05 6.24 26.92 -24.13 0.76 -17.07 -2.1 -22.41 23.41 18.44 -19.01 44.3 -16.31 16.94 -19.59 4.44 35.48 17.45 -10.78 -7.18 42.38 5.81 20.74 32.99 36.71 41.21 -1.08 32.01 24.43 -10.37 -25.78 26.64 20.54 14.33 25.54 31.64
-6.19 49.16 15.22 27.9 27.42 24.1 29.56 9.24 45.58 23.72 12.83 41.66 -27.98 26.2 -10.46 27.7 -0.51 2.82 29.01 17.31 -5.52 -19.14 21.88 -18.75 40.43 -9.03 35.68 -12.53 -4.14 -19.17 38.08 11.16 -11.81 18.49 -12.55 44.47 -2.1 6.87 40.89 -15.66 8.34 -1.89 2.13 -4.55 34.41 -15.65 38.26 -18.38 30.8 -17.11 46.01 9.88 25.96 5.76 20.41 30.14 -28.45 16.96 11.55 -4.98 -26.78 -29.54 45.03 34.27 -18.68 25.16 44.14 36.12 1.4 37.25 -24.65 -10.76 22.72 25.11 19.86 11.84 41.16 2.94 -8.22 -28.76 -17.49 24.32 34.02 4.45 -14.3 -10.78 -15.44 34.93 13.79 5.29
3.78 17.35 10.31 -20.37 -12.0 31.5 1.28 49.57 45.82 4.82 13.75 42.9 -7.87 7.65 20.19 48.25 19.67 -28.47 -13.79 -23.93 -0.66 17.38 -4.98 8.63 -13.47 -10.41 15.05 25.35 35.04 1.97 -29.59 5.04 6.28 48.26 42.7 6.71 18.32 3.17 18.99 30.73 24.5 19.1 46.56 -14.05 41.07 35.21 42.11 -1.77 -11.29 14.52 11.2 -21.66 -13.64 -11.24 40.66 5.16 36.75 14.82 1.19 46.06 -16.01 6.43 -22.97 -26.31 16.37 -12.09 -24.55 -25.77 -17.89 26.05 38.18 -12.62 18.49 -17.82 4.63 -5.2 26.91 -25.35 30.09 47.22 18.34 -16.06 4.81 27.09 20.48 17.12 1.44 48.9 22.32
15.38 -3.25 2.27 -28.65 -17.76 28.45 14.51 -3.79 -3.59 -5.85 -8.01 19.63 32.41 12.93 8.82 10.37 24.56 37.39 22.76 -1.22 -9.52 8.99 16.4 42.49 -18.37 -29.85 23.24 47.92 10.31 -8.14 -28.48 -9.54 43.54 3.64 -16.7 -28.08 40.72 12.87 -13.99 11.2 21.44 12.65 -12.64 36.37 31.43 2.85 29.91 -3.98 -3.09 -27.85 -1.95 40.8 -15.04 1.64 4.58 9.12 39.01 6.08 32.18 -11.56 -21.28 16.67 6.93 -12.86 10.48 -8.84 -12.98 -19.9 -29.23 -19.04 38.53 -26.52 -22.76 36.73 2.29 29.05 8.04 -27.28 -11.41 -29.87 37.67 41.68 48.19 32.61 20.55 6.56 -2.62 -24.15
44.19 -28.98 48.99 41.89 10.2 11.37 36.12 3.45 44.98 40.48 0.14 23.73 -26.99 40.84 16.52 -5.35 41.96 -28.15 -11.79 -25.31 -3.32 3.6 -15.05 -12.84 21.4 10.21 19.34 12.55 45.51 -28.86 45.57 -20.22 17.17 35.44 15.67 29.11 14.86 45.57 10.78 -17.17 18.71 -23.45 1.25 -3.78 21.7 49.61 19.21 6.95 -10.77 9.93 4.15 30.79 21.25 -0.35 6.87 -14.68 17.48 23.24 15.16 18.21 -10.31 -15.0 -19.11 22.05 -3.04 34.02 1.01 26.85 0.63 -12.68 -17.49 20.38 -27.08 -25.02 -8.84 -11.53 -24.4 35.31 -9.97 28.8 10.29 -1.28 22.38 20.84 -29.1 8.76 32.28
-14.75 -5.41 17.25 -8.08 19.71 21.86 12.14 20.14 -14.98 35.15 -27.49 30.1 -5.06 38.65 21.85 34.4 -22.15 21.31 20.87 -29.04 -17.32 -2.72 38.27 28.27 5.75 47.81 18.86 -8.72 4.08 48.5 14.14 -2.66 48.2 -29.95 12.74 10.68 8.09 17.13 43.68 -21.25 1.04 -22.72 30.63 -19.64 -7.48 9.3 28.4 22.11 45.07 -9.98 14.76 18.3 -16.47 16.43 48.37 36.36 3.2 29.93 34.11 -10.96 30.26 -8.62 -24.15 -14.38 5.02 26.88 -7.59 7.84 -14.01 -19.9 -25.43 -1.23 4.35 23.4 -6.61 -25.74 -29.94 48.58 46.94 -29.88 16.83 30.23 45.01 -27.16 -8.59 23.38
31.02 -20.64 33.92 31.2 -16.21 -16.32 12.79 22.71 33.82 -3.37 29.67 20.58 -20.32 -2.11 22.53 43.89 -19.9 33.68 18.17 -29.98 43.26 26.33 -17.78 -13.22 -3.54 43.98 43.96 8.29 47.8 23.78 17.2 7.6 47.69 -7.54 39.14 29.1 22.12 42.35 44.75 47.47 -5.03 -12.53 33.73 33.78 -10.35 3.64 -26.32 -28.11 -22.56 -4.05 -27.64 -28.08 -2.22 -13.63 11.47 -3.56 -17.96 -8.86 -1.39 16.0 36.02 22.62 -24.59 -19.45 -5.45 15.29 3.86 31.72 34.57 -13.56 32.8 -21.25 47.48 26.51 40.77 0.13 6.99 18.46 24.62 -11.43 -16.71 -5.5 -18.72 35.8 22.63
34.0 35.66 -1.79 31.98 -12.82 -3.37 -11.78 42.06 -4.41 36.87 28.33 22.05 -25.69 -8.0 30.99 -12.34 9.28 19.75 -26.13 32.41 5.62 -5.3 12.43 35.39 24.92 41.46 21.37 49.06 40.1 46.25 41.4 -9.33 32.39 -15.45 10.79 41.52 -4.01 49.96 16.25 -13.34 17.57 -24.89 -22.24 44.56 1.04 -6.21 12.04 28.82 41.83 2.45 40.17 -27.51 33.06 -17.11 11.25 -17.62 -3.99 -28.0 48.95 10.89 -3.15 3.13 47.46 35.82 23.01 -28.02 -28.9 -26.88 29.39 8.17 -16.63 8.5 -19.58 45.72 -17.22 19.08 -16.52 41.27 -8.97 -22.09 20.18 20.74 34.15 31.65
34.28 12.48 -28.32 25.83 22.82 36.27 22.13 27.83 18.3 39.05 -7.34 34.19 12.0 15.79 12.84 -16.13 38.35 0.43 -24.76 9.45 29.95 25.1 44.73 3.38 2.38 33.4 45.35 28.46 41.76 13.39 5.14 -8.2 9.87 6.11 26.51 -24.55 7.51 32.19 21.76 10.24 -11.26 -27.9 -25.01 36.34 35.61 1.17 16.94 45.66 -3.05 -2.86 11.83 26.19 10.83 39.29 2.48 9.01 45.19 48.78 46.81 1.08 -6.55 6.19 22.46 48.07 6.41 -15.43 -6.62 -26.17 25.42 7.37 43.39 -24.99 22.99 38.62 -15.5 12.89 27.77 -2.3 -22.26 13.46 36.61 14.74 30.8
6.69 -9.04 -7.04 11.55 23.38 1.26 15.2 -12.07 27.91 -29.67 -1.05 31.94 -20.42 1.62 -16.32 -29.87 -6.52 -25.78 0.13 41.75 -7.16 -19.96 10.95 38.71 -24.87 35.34 35.84 -4.86 43.04 33.12 27.44 -3.39 -15.98 22.62 5.09 -20.15 -8.07 -1.42 27.68 43.38 39.36 5.71 3.54 28.7 33.62 35.3 7.02 33.81 22.12 32.81 39.0 18.1 -25.41 2.24 42.16 -11.34 19.76 16.27 33.2 -6.71 15.85 -29.12 15.15 -19.92 6.33 -2.48 37.65 1.49 47.95 -3.16 20.41 -0.85 -14.47 30.43 -20.73 18.75 -1.9 31.02 21.17 39.52 39.41 18.08
46.51 49.63 16.3 16.14 23.62 27.23 48.82 42.61 -10.1 15.74 5.61 18.47 -9.86 40.79 23.7 25.7 -29.14 46.69 -19.9 19.42 5.22 46.78 10.2 -20.49 20.68 -10.23 -12.03 2.27 32.4 -29.3 -17.12 14.28 -28.12 46.22 43.68 -6.65 2.54 32.71 35.24 -13.68 7.86 -19.18 29.68 -19.0 -3.53 32.81 36.65 34.15 -14.0 42.22 -25.97 16.63 -20.16 -9.82 42.31 -11.33 37.23 -12.08 -8.05 -12.02 33.62 -24.89 21.47 21.02 -9.37 -10.95 -8.35 -28.89 6.05 -21.51 29.99 18.54 38.98 48.79 -16.8 44.52 5.68 -1.36 44.08 21.87 24.31
25.84 -20.92 47.77 33.6 16.13 -25.69 30.59 5.97 42.88 -11.89 -2.9 -0.26 16.77 20.49 28.25 -29.0 9.38 -20.57 31.97 -5.13 -3.08 -22.01 -3.82 43.33 35.67 -24.17 40.26 5.26 22.43 19.33 -7.38 37.12 -10.4 9.21 43.26 21.93 27.96 27.12 -17.82 43.24 40.62 -21.63 -21.32 48.06 -10.97 -5.26 30.88 5.5 28.25 23.18 -0.58 42.98 -10.13 0.38 6.46 35.61 18.3 -0.57 46.61 13.89 -25.24 -2.09 -6.19 38.4 0.25 2.13 -25.2 15.35 19.42 42.09 -28.49 -10.89 41.95 29.4 12.28 -21.63 -29.59 22.42 34.03 31.4
48.58 38.78 -22.71 8.19 -2.3 -27.26 48.12 -6.49 46.27 -17.13 9.89 -14.29 28.29 28.95 -27.04 2.51 12.91 30.28 24.98 -7.13 24.4 38.37 38.99 23.05 42.74 16.95 -1.04 -25.99 28.52 17.62 -17.93 35.05 27.61 40.9 31.99 37.63 13.13 30.92 23.1 -13.31 -26.68 -14.15 -23.31 2.74 -11.79 -23.3 7.77 -1.79 -14.63 -18.68 -3.99 -16.43 41.77 36.61 14.38 30.3 -20.83 -7.59 27.03 -8.38 -9.13 23.78 26.1 -14.55 9.64 -25.27 2.44 -0.86 -25.99 20.36 32.37 39.46 -0.44 49.99 6.25 25.72 21.36 34.91 -10.0
-27.79 -7.9 1.89 34.02 -10.09 -4.3 18.46 31.47 4.33 11.95 -14.37 46.21 39.35 -0.64 33.27 37.98 17.86 7.09 32.8 45.9 -13.02 -4.35 -8.02 49.82 4.26 19.57 9.28 9.24 -11.31 41.8 45.32 20.94 -24.46 -12.64 29.38 33.75 12.64 -4.42 11.51 49.29 39.57 47.66 8.67 1.96 16.93 0.83 4.0 9.94 -7.08 -2.74 10.2 39.37 -9.01 38.76 3.26 20.06 15.29 -3.81 18.15 -27.06 22.97 -13.79 11.03 40.42 35.14 1.51 18.91 9.15 -24.45 33.24 22.34 -22.23 15.87 27.26 16.69 -17.43 -16.48 -9.55
12.77 29.39 -22.94 29.76 27.78 5.22 -15.68 3.94 2.39 -6.47 39.34 -27.19 -11.55 17.02 6.07 25.7 28.55 1.21 22.23 -18.19 7.97 19.08 25.83 8.74 -0.11 -18.89 0.55 33.91 49.5 14.72 -6.31 -4.74 19.52 38.64 45.24 -20.26 20.85 -22.2 38.01 -18.42 27.64 34.82 22.65 4.79 -12.07 6.73 34.38 37.92 36.81 -29.88 48.1 -23.33 -13.96 34.7 -24.33 -18.22 32.6 27.01 1.29 28.58 40.29 0.49 -17.68 16.95 45.99 28.14 27.39 -9.25 40.26 -3.52 -1.8 -8.99 30.75 42.8 47.75 -0.8 -0.97
2.97 0.9 46.38 44.09 11.94 19.2 -27.37 -22.14 22.0 37.6 -17.52 -28.33 8.28 29.53 11.92 11.87 24.41 41.35 -0.05 -3.87 -6.38 38.62 -13.04 -11.01 -18.9 -12.4 42.99 20.23 7.11 27.69 8.44 8.68 3.22 -4.5 21.97 -4.28 49.61 -14.79 -13.22 -17.41 -28.93 31.27 34.54 34.1 -10.87 30.33 4.92 26.21 11.45 -16.78 35.04 28.27 41.34 21.6 25.44 15.26 26.67 24.36 41.79 15.69 44.81 11.57 25.17 35.61 -19.86 -1.96 -24.23 -5.51 -1.34 -21.61 41.87 4.86 28.11 6.36 38.27 10.04
-25.6 6.44 -23.34 -2.26 29.78 13.36 17.38 21.1 29.32 -1.6 10.37 35.29 7.13 -20.55 26.17 -11.33 49.34 -17.88 -3.41 8.81 30.48 45.11 8.78 -13.26 -22.29 -2.95 -1.18 -12.06 21.75 46.62 23.84 -9.99 14.74 17.03 4.45 -15.49 18.54 0.53 2.33 43.58 -26.88 20.49 40.9 -4.04 -14.26 8.15 -28.45 9.6 10.92 22.91 -3.07 38.59 49.78 -14.51 11.96 43.27 44.32 10.83 45.45 6.19 -19.29 11.72 21.56 41.88 -3.43 -12.77 10.27 45.94 0.91 -15.69 9.93 29.3 -6.67 38.63 5.62
18.54 22.45 8.75 -9.08 -22.67 -27.52 35.59 -2.31 40.98 21.17 30.66 -17.34 48.3 40.22 0.59 -10.09 -14.33 39.01 44.13 -0.07 -3.47 -3.42 2.8 -19.75 26.38 13.29 -16.91 -13.93 -26.6 -27.28 3.4 35.04 4.51 -17.1 -26.78 -21.2 15.57 19.56 -7.35 47.53 -29.53 29.9 43.43 -23.22 -6.89 40.31 13.46 22.73 -4.52 41.03 23.11 41.44 31.05 -5.16 29.66 48.0 -0.51 -0.89 41.0 -28.18 -27.51 47.32 38.11 17.78 3.99 39.66 25.59 -22.56 16.16 40.52 -12.1 4.51 -7.76 -24.4
37.25 -1.83 40.43 -21.71 -4.86 -0.17 33.76 24.75 12.36 28.43 29.38 7.68 31.97 47.69 -3.46 7.61 39.74 29.8 -20.39 -13.96 -12.49 -27.38 16.29 35.97 26.87 42.89 9.48 -19.69 29.82 -12.97 3.29 43.47 36.29 -22.23 4.08 3.03 36.27 22.85 4.82 37.7 -19.5 -21.7 -26.28 46.33 21.22 49.77 11.95 37.53 -5.86 19.32 -4.29 -23.7 19.27 46.0 -13.75 -23.4 31.64 -23.82 -11.89 27.76 -0.05 15.65 44.34 33.34 -4.37 35.44 27.52 22.57 31.5 23.43 0.05 27.36 9.23
-16.35 12.99 15.7 33.99 31.27 -23.99 -16.42 38.57 -3.18 0.17 13.67 20.02 18.98 13.38 -8.76 -19.15 -15.32 -10.5 12.33 25.36 43.53 16.24 21.03 45.11 27.58 -12.56 6.36 45.69 36.2 44.98 -14.39 -18.7 23.03 -21.48 2.56 -4.7 -17.61 -7.01 47.12 15.34 8.04 44.72 12.37 10.36 9.35 -26.91 31.95 19.12 37.47 -18.39 48.84 -17.28 20.6 -27.93 45.77 7.49 32.72 39.04 36.78 -1.68 29.98 -24.71 19.85 10.42 35.88 24.73 5.9 25.06 -19.56 -19.77 43.04 21.13
22.57 -29.0 17.09 -2.56 -12.38 31.56 30.74 22.37 18.72 -9.82 34.8 21.47 5.63 5.17 36.6 19.51 8.91 9.65 -12.13 -21.92 -11.01 -24.03 -7.71 7.57 -25.08 11.08 6.89 -18.75 0.14 -14.93 -7.52 34.81 -15.51 21.35 -11.88 -1.29 34.2 -16.24 37.62 -1.59 -17.32 -6.25 21.43 -13.43 34.96 -9.33 -3.83 45.94 10.65 19.44 -29.94 -24.77 -25.49 25.97 23.94 -12.19 -8.54 -25.11 28.22 5.93 21.65 11.89 41.8 32.97 18.95 33.0 11.32 1.11 26.84 2.2 -3.49
31.02 -9.31 32.74 -0.94 -2.92 17.99 5.42 -2.54 29.14 37.17 49.26 32.35 20.96 5.6 -23.86 37.55 -2.76 17.61 -11.64 0.68 22.23 32.68 18.68 7.51 16.2 10.87 24.4 -6.47 45.86 -16.49 38.96 -20.44 31.13 23.5 5.26 1.15 29.97 -7.18 -19.91 1.5 13.35 21.8 -4.44 34.96 24.92 -18.95 -5.76 -4.33 15.8 41.72 -24.86 11.3 40.77 8.97 35.62 7.07 -24.8 -28.74 31.16 40.01 -9.9 36.4 45.37 14.49 37.05 -0.55 9.45 -13.43 -14.15 -10.07
12.4 -7.61 28.43 48.96 0.58 8.31 -29.72 -6.53 12.85 27.73 -19.65 28.01 25.17 -5.23 46.72 18.35 19.78 11.65 18.14 12.62 -27.49 43.75 -8.1 -5.09 19.59 21.06 7.42 16.5 -23.07 27.81 -2.17 20.78 35.32 -25.57 45.06 17.02 25.53 -8.49 -5.71 26.65 5.82 43.0 46.19 41.61 -9.93 -12.03 0.72 47.76 48.54 -17.95 10.11 -6.62 36.67 20.68 22.17 -26.59 29.0 -23.89 11.13 -28.72 47.62 -21.88 38.35 0.18 -15.58 -12.23 11.42 -19.65 38.77
43.27 44.64 27.39 -2.94 8.72 -2.19 -29.26 46.21 -14.33 46.65 17.08 1.7 11.09 -9.2 41.63 11.61 -28.2 44.17 -26.44 20.81 36.26 29.56 -8.87 -20.05 25.6 18.19 11.11 -3.49 4.0 48.82 49.28 7.14 24.77 24.16 17.67 23.38 37.46 19.59 -20.3 11.41 12.09 20.17 19.35 4.77 -11.63 -27.11 19.17 46.98 35.59 -25.74 9.82 40.38 -14.41 -0.52 -8.99 0.28 22.43 -10.77 -20.58 -17.19 -18.05 5.14 38.07 -4.63 11.09 25.6 46.09 -1.08
3.54 20.79 -22.61 2.55 45.54 44.54 25.52 38.39 6.05 27.1 30.78 -27.7 -26.52 7.61 34.11 14.82 -8.12 16.54 46.14 6.14 17.0 6.68 42.91 46.52 37.07 43.21 11.22 14.51 18.44 -0.59 15.89 35.1 -5.97 2.1 15.28 20.05 -23.79 -5.97 -8.17 20.78 28.58 4.91 40.81 25.42 25.1 4.78 47.37 15.47 23.21 -22.08 15.19 -7.65 16.98 -28.39 25.51 -2.14 46.52 28.32 -27.5 -1.27 13.15 43.53 36.73 -4.37 -1.93 12.99 27.34
-3.57 -26.02 -14.86 32.98 -3.73 0.68 48.84 10.71 37.13 -19.34 38.58 35.83 24.11 48.66 20.64 46.62 17.94 45.86 -2.86 31.82 -19.52 3.22 -10.24 0.4 4.13 34.23 -3.94 20.35 13.06 13.53 26.1 11.36 49.79 -7.82 -10.31 5.99 -22.99 7.47 5.44 -0.9 -28.84 -10.12 29.95 -13.82 10.98 44.0 -26.43 -1.89 29.4 46.63 -15.95 17.92 -12.24 14.28 49.92 39.74 30.96 36.82 -4.71 32.75 0.87 0.41 37.68 28.78 -21.38 35.24
-29.75 2.31 17.03 -20.57 2.94 16.07 -29.89 -7.16 39.04 23.46 -17.76 23.58 -17.1 -18.34 -17.3 -14.51 -22.89 -24.87 44.44 6.98 15.91 -10.31 35.57 -2.34 33.37 41.58 -9.08 48.79 15.75 -7.97 12.78 24.83 45.32 31.52 34.34 42.11 -25.02 19.7 24.53 -21.22 8.47 15.71 -1.01 28.33 15.95 7.78 22.79 29.11 31.14 -7.61 -25.41 -5.53 14.37 36.95 -18.26 5.21 20.88 35.25 -6.56 -11.1 3.44 -6.23 -6.39 10.99 13.11
44.32 32.63 23.78 -11.55 43.54 29.07 36.45 31.18 -9.7 46.61 -6.05 -3.24 40.28 48.33 -2.47 4.28 14.05 23.4 25.61 -4.68 13.89 -14.52 16.65 48.7 26.69 39.35 16.67 -25.59 29.12 -5.61 -28.21 37.21 3.75 38.39 25.77 1.15 -12.03 -11.02 -3.22 36.58 31.46 19.18 16.2 -17.34 7.3 24.66 -1.01 29.31 40.98 37.92 -20.23 23.58 13.16 1.7 -18.3 20.03 -26.99 20.45 14.13 29.02 17.83 46.27 22.59 -12.8
-7.26 47.15 21.0 15.45 25.44 -3.52 21.49 -7.76 16.19 1.61 -13.24 -26.85 -8.18 38.53 -20.21 3.71 -12.96 32.24 -13.7 -20.14 14.6 -3.64 47.72 19.04 -14.49 46.88 -3.0 -9.11 41.9 -3.68 28.49 32.4 -11.0 -12.18 -11.23 -6.76 41.55 -29.18 -12.76 -7.12 42.92 -5.93 32.98 -29.22 39.65 15.12 34.01 -9.61 21.78 -27.42 49.73 41.27 -23.92 15.28 29.92 34.24 40.29 14.81 -19.99 11.36 -23.01 49.29 -12.51
20.83 37.47 28.79 43.31 35.24 19.8 5.56 -28.35 3.07 26.67 44.92 24.75 5.48 -4.0 -23.28 0.71 2.34 33.52 10.33 -24.7 -23.29 47.15 45.06 13.9 38.16 21.67 -26.59 -8.09 -7.44 19.4 -23.29 -15.49 -4.51 -8.77 12.3 21.77 16.36 11.46 43.42 -17.98 -16.12 35.3 39.87 33.18 -7.28 39.83 -1.98 29.45 -0.79 45.06 44.35 -7.64 6.74 20.27 -28.28 20.7 39.53 17.45 -11.52 42.5 -23.33 17.85
41.52 -15.84 -8.63 -15.5 -19.25 15.23 28.21 10.26 21.78 7.73 -11.09 13.22 0.8 -6.47 -14.64 -10.07 37.76 6.72 40.21 -1.92 17.6 -22.91 30.05 -24.48 -23.96 26.99 36.57 8.16 22.12 -18.56 -0.75 1.87 28.07 17.41 3.8 22.35 -14.87 10.73 6.73 5.05 -5.18 41.6 -8.05 44.88 -2.6 -22.32 -10.14 -8.26 11.72 11.2 25.1 -21.63 2.67 -17.72 -18.75 -23.11 22.55 40.97 12.62 -0.29 12.08
34.91 -23.85 -1.96 16.33 3.45 -10.67 -1.48 42.57 -19.15 -19.22 -10.98 -12.98 -16.59 46.92 28.54 -7.79 48.13 22.21 29.49 28.6 -18.89 -1.46 40.34 30.51 17.5 -11.88 22.16 -3.14 28.27 -7.77 45.59 -17.18 4.03 20.74 36.57 34.11 -0.24 19.62 -19.47 25.8 7.26 -15.12 37.66 14.52 17.37 -7.99 -8.68 -12.25 -10.82 48.96 0.33 12.46 -19.66 35.98 16.43 -11.22 -6.13 -8.67 -3.7 -22.5
-25.33 21.46 33.56 37.41 16.69 -7.4 0.08 -15.85 -18.71 15.25 48.61 -2.42 -3.44 45.41 -17.27 -0.4 -17.2 44.92 6.7 -4.26 -8.88 44.94 36.16 18.35 -9.37 34.94 30.67 -15.61 0.97 -5.14 -15.62 -11.34 19.22 -2.26 3.26 41.48 20.27 -18.74 -10.83 42.73 -10.73 41.9 -12.98 39.36 -6.96 40.3 44.95 25.84 -29.5 47.63 14.48 17.9 28.3 -8.69 0.09 -16.35 41.66 -20.18 46.62
19.63 -19.38 31.1 -7.85 -3.1 6.73 0.87 -2.25 -8.69 -3.53 -5.38 23.06 -23.03 -2.78 -18.59 47.37 -14.17 -15.88 -2.36 48.4 15.77 -16.14 28.03 23.01 -9.26 -16.24 -13.73 8.59 25.04 -18.52 -17.19 1.61 49.81 23.15 -14.45 28.42 -6.19 -13.87 -6.53 16.59 3.42 21.4 30.73 9.29 5.13 22.89 9.3 41.18 19.88 -26.29 21.21 -3.28 10.03 2.76 -5.29 4.07 32.45 -0.25
43.68 -27.35 1.89 -25.78 31.65 37.01 -14.25 25.53 -5.0 -29.17 -19.09 45.07 27.44 7.02 46.37 18.63 -4.42 5.11 -6.56 -20.76 44.13 47.78 18.25 31.81 30.64 -4.95 21.39 40.17 44.33 47.07 -29.76 40.25 7.63 30.26 39.36 39.78 -0.96 -21.44 -27.56 23.3 -28.04 44.75 33.96 19.86 -7.02 -29.18 43.85 -0.88 -2.31 29.57 25.43 44.7 -26.15 13.08 -18.55 9.42 24.83
46.96 16.05 16.42 0.2 -7.02 47.97 26.88 -0.74 -3.77 45.49 38.97 -20.25 -24.5 10.81 12.44 -17.38 14.88 28.31 -1.81 -8.67 27.31 -10.04 38.76 -25.03 -24.51 3.9 -26.36 31.13 -4.37 3.64 47.44 -24.57 -22.77 6.36 -9.67 45.86 22.47 45.84 34.92 41.99 23.94 -10.58 -15.98 12.0 -4.6 -3.27 -13.45 45.31 31.61 -8.11 0.97 -15.62 28.53 7.44 47.43 6.52
9.41 -27.89 46.95 11.14 6.46 36.98 48.29 -21.35 -9.03 49.96 42.94 -16.58 -10.06 12.6 0.25 24.89 -9.98 14.31 34.98 -24.01 2.57 -14.2 31.12 6.52 1.87 -27.55 -1.58 46.96 3.3 -26.8 -20.43 24.37 -1.36 -3.58 2.35 44.09 14.03 -15.47 29.46 38.07 32.11 -6.62 19.98 -5.81 -7.09 31.49 33.76 40.98 -17.5 32.89 40.52 8.55 21.16 -18.15 -20.53
41.31 -23.75 14.2 -1.79 42.43 -7.58 -11.24 -3.59 16.49 26.39 29.92 -17.06 -19.69 48.24 9.54 13.27 -3.52 11.39 -25.92 -1.08 0.31 -13.88 26.7 3.96 31.31 38.57 7.14 -28.76 28.44 -28.37 16.77 -4.43 43.85 45.16 28.38 25.36 -9.95 48.91 -22.49 25.33 2.19 48.66 19.39 33.22 7.65 3.75 35.1 17.78 21.33 -19.39 33.35 4.05 6.67 41.01
-17.92 11.41 4.48 42.34 29.13 -12.38 -23.17 -4.8 -21.03 4.39 -22.41 2.74 10.61 31.26 -26.27 -2.27 3.09 6.94 -20.2 44.99 27.85 -12.93 -11.38 -11.47 46.95 23.37 -13.02 35.99 -2.75 -29.85 -18.15 7.34 17.77 -10.11 36.22 30.58 -26.48 21.54 -23.33 39.26 -10.99 -13.26 8.98 22.03 -17.73 27.99 -25.75 7.76 39.68 1.32 22.37 24.18 21.33
-25.81 16.01 -11.93 -29.71 1.29 36.22 0.16 -23.47 40.21 10.34 16.33 37.54 45.13 -27.65 15.65 36.05 42.94 -2.36 17.38 5.06 -9.2 19.83 8.8 -9.92 48.91 45.12 36.8 3.55 33.66 16.1 -28.45 -21.21 4.46 -0.67 -17.16 -15.84 43.41 45.9 19.5 -12.22 -15.26 1.39 -13.49 36.48 32.92 47.69 6.84 -9.34 -22.09 11.8 -22.11 -24.42
-25.44 -18.46 17.19 44.7 -12.93 -26.63 -6.86 34.02 29.24 27.63 0.45 -21.05 47.48 17.54 -26.58 9.0 -13.24 24.3 -6.54 -6.32 39.78 41.09 27.67 27.66 42.17 26.9 40.82 24.98 9.26 -28.53 38.64 -7.05 -9.01 37.69 -21.4 36.46 -5.5 -11.58 28.05 -20.11 37.77 47.17 -15.25 -5.04 2.58 35.75 -26.83 43.58 49.74 43.75 -8.42
-10.59 47.36 37.31 11.52 26.26 -11.2 30.5 32.45 4.44 -25.47 23.5 12.06 18.78 5.33 -28.6 7.14 4.99 -6.15 23.3 -25.2 -5.19 -4.85 37.99 -16.05 -28.1 -3.18 13.25 27.68 41.01 4.65 45.99 43.42 -1.44 -2.71 1.57 -3.5 7.08 17.44 39.25 10.8 14.3 18.82 -14.09 40.64 16.99 -26.91 12.77 48.9 1.64 49.2
27.33 43.85 -3.97 -3.91 -2.37 47.51 26.64 -20.8 31.53 44.08 -1.87 -2.21 43.45 18.63 -7.69 4.61 29.7 -18.67 -6.45 14.31 14.11 -15.17 42.83 44.66 -16.0 3.17 -9.49 49.8 -16.83 -24.27 45.47 37.92 32.99 22.3 19.16 11.87 -11.98 -13.94 20.28 -28.31 -3.05 21.07 -21.46 -21.71 15.47 -23.22 26.88 -26.28 45.22
38.11 49.29 30.92 -18.73 -20.41 -12.02 -28.43 -21.11 8.66 1.08 -14.56 41.35 7.12 -16.05 -26.18 -9.64 -19.9 37.41 7.42 41.05 -17.08 -11.53 49.9 14.84 0.36 42.87 -17.67 -7.36 8.12 16.36 26.74 -14.13 11.96 13.93 -4.65 11.39 -18.88 41.12 -28.77 3.74 17.5 3.1 -19.88 31.24 -22.77 -23.81 38.77 -11.19
16.1 -15.72 18.07 42.97 41.76 11.72 9.56 -9.74 28.15 9.17 8.19 32.95 38.37 -25.1 -18.66 24.33 -14.09 5.87 6.42 -14.83 -19.34 44.22 -0.19 -19.03 -27.28 10.12 21.6 8.77 -0.57 -18.42 7.55 -17.06 -15.37 -12.98 -21.0 48.48 38.96 33.32 -14.59 15.15 24.62 -12.17 34.49 45.5 27.13 -1.44 38.23
-12.4 23.17 -0.34 -28.38 39.76 15.58 7.8 20.0 21.42 -1.22 10.21 45.58 39.96 13.35 -1.09 40.3 -10.21 -23.67 -12.36 11.65 -27.21 14.71 9.1 28.38 1.47 9.2 18.91 -29.66 8.5 41.03 -4.75 -9.49 -4.95 -23.64 31.59 -2.09 16.38 7.94 0.32 35.72 14.08 -24.24 38.59 31.31 38.69 -13.27
22.04 -18.3 -6.88 34.49 -10.91 4.49 3.78 -23.78 34.31 14.83 -4.98 -20.68 -17.27 -5.59 10.08 15.41 -9.3 -19.19 -15.52 -26.3 26.27 6.45 -12.3 13.86 -25.84 23.49 36.44 20.78 -3.81 -6.84 -4.67 43.22 43.96 22.67 -22.67 -28.4 24.71 0.91 21.46 20.84 14.93 -15.22 40.08 -2.65 12.64
-25.64 -29.86 10.11 26.35 10.29 47.99 -29.2 2.04 24.74 21.94 -23.32 -16.3 -15.03 -23.38 26.53 -7.4 -4.05 28.67 34.18 11.81 -14.72 48.83 -5.61 32.14 -0.13 28.34 7.8 -20.53 10.58 11.25 -14.59 48.15 -19.76 5.78 25.88 19.16 21.54 27.57 12.7 -19.58 31.82 -2.84 27.18 -3.41
34.94 44.25 -5.32 38.79 41.38 -29.99 29.72 4.88 0.48 33.48 14.6 49.61 -21.7 -16.85 25.92 -23.67 23.96 -18.27 20.55 -8.89 -19.36 36.76 -28.8 -28.74 12.14 22.09 -18.81 11.09 27.78 -29.78 25.83 -21.84 -9.58 11.62 42.45 17.26 -26.53 41.12 26.11 -28.16 -25.8 38.11 -0.84
-12.61 -6.12 -4.12 -17.33 -21.88 18.83 30.14 35.74 2.53 30.51 30.8 -14.21 -29.79 -6.03 28.51 -11.27 -11.46 34.62 15.4 41.14 20.89 -24.08 -5.08 -6.34 -25.55 46.36 -1.45 -7.03 27.97 42.6 -21.14 31.39 -0.65 49.67 17.39 -0.16 43.75 3.73 -1.74 3.11 3.57 9.2
-18.25 1.63 -11.54 -0.43 17.5 -20.24 -29.79 27.04 -10.32 11.02 -12.87 -15.31 -0.13 -1.64 -14.05 44.72 49.55 -11.45 12.22 -5.34 -19.19 -22.03 47.75 -4.88 1.68 -0.62 23.15 -0.89 -7.81 47.17 6.07 43.23 37.93 -22.16 -15.79 36.29 26.32 -9.28 29.07 27.1 40.82
-28.44 26.57 -16.47 19.02 -3.87 -20.33 -24.63 -13.29 13.04 37.73 0.36 20.66 10.88 31.98 35.73 -7.21 25.98 -20.14 36.8 25.75 29.22 12.3 10.46 -22.78 15.79 -4.39 47.65 41.93 -26.71 26.92 -26.95 49.78 49.48 48.38 -21.21 9.98 -16.53 41.11 -8.66 -14.59
-11.11 45.09 19.22 -5.34 -10.84 37.69 11.43 -4.48 3.67 39.96 -14.45 -29.28 46.26 -24.48 19.4 -20.57 9.51 31.36 -10.81 36.84 -22.06 6.96 0.11 -24.56 28.88 7.59 44.23 -13.36 -18.86 49.88 3.69 25.8 -22.72 -25.43 -3.7 27.43 28.42 -2.62 26.86
-9.35 -16.43 11.76 16.67 25.99 26.58 23.01 -18.82 27.79 12.11 17.32 42.02 49.86 42.99 20.9 28.11 6.6 26.05 10.94 9.57 25.14 -17.68 40.92 37.18 -23.86 2.09 -18.02 19.97 34.9 -10.25 -26.99 42.69 48.26 -12.43 20.1 36.18 45.56 44.09
-12.14 8.64 -28.62 -7.21 18.69 4.17 -23.1 19.67 -14.4 -11.02 -5.19 -12.81 -11.15 -11.8 23.39 -21.71 28.35 -17.82 12.5 -6.95 44.36 -25.33 6.63 -27.3 24.96 -29.77 27.27 7.63 -4.6 -25.01 -13.99 -25.28 12.6 37.58 -11.48 42.72 -0.06
4.05 42.26 35.94 -25.13 16.13 6.85 -21.89 -2.03 19.92 15.12 29.36 9.06 40.15 8.35 -6.83 7.88 41.38 21.89 34.32 -29.21 -25.02 -19.09 -5.64 30.17 7.02 -7.51 -6.96 -13.62 36.57 -9.97 -15.94 47.76 6.33 25.39 31.22 33.03
-11.89 -21.6 43.46 23.3 42.76 -28.96 41.96 6.89 22.86 34.91 -8.89 -22.43 36.07 37.65 48.87 -5.27 22.67 -27.13 35.08 3.58 28.84 4.29 -4.82 -29.89 -15.05 42.88 -6.12 -9.85 -17.11 4.27 18.28 -20.63 38.33 19.57 23.46
-11.86 28.27 39.09 36.11 -18.1 23.61 49.64 36.14 40.56 35.52 -3.48 39.52 -17.16 -2.14 18.78 22.39 19.29 -21.73 -18.59 44.73 -2.83 9.98 -27.7 36.13 -6.51 -15.11 -11.79 -20.19 13.39 2.56 39.68 -27.19 41.72 -11.51
-26.71 5.81 48.28 46.52 -20.64 -0.3 -24.32 21.07 2.96 -21.91 -18.13 10.01 -21.43 4.73 33.76 18.86 30.58 -3.2 25.54 43.32 -29.34 23.8 15.09 8.96 19.8 31.55 46.57 -6.31 18.3 19.86 28.42 -27.19 43.4
22.47 49.45 17.52 -8.17 45.43 -9.38 -20.51 -1.46 13.13 -26.46 33.63 9.47 -2.96 26.9 -12.04 -28.13 49.76 -22.24 41.96 -9.14 41.98 -29.45 -27.72 24.96 23.5 42.62 12.54 -2.19 35.91 -17.38 3.14 -6.52
10.58 -3.91 4.92 -27.54 -4.15 12.97 -2.71 35.41 25.17 47.4 24.71 0.9 49.31 39.77 -28.75 -5.67 -0.5 -1.12 33.26 12.96 12.92 -15.67 7.22 -19.68 -6.71 4.12 -19.21 14.77 8.19 -9.82 38.84
17.49 27.71 16.79 40.65 -18.15 18.12 7.49 -6.58 16.96 31.13 43.98 31.58 42.74 49.88 36.87 36.12 40.5 -5.02 12.94 39.0 -14.02 5.78 16.57 11.65 -28.74 27.18 44.98 27.11 18.5 21.56
47.39 13.21 7.5 -3.78 -18.65 47.98 -29.34 5.68 -1.66 11.41 -19.35 49.49 10.08 -19.37 44.86 2.34 -10.48 34.49 6.81 43.28 -3.1 -28.2 22.49 -5.18 37.06 42.33 11.92 37.81 -19.69
24.65 22.8 -8.15 49.94 -28.06 12.39 26.87 -23.04 -16.29 -15.27 26.3 8.27 18.96 -13.59 28.84 46.58 24.08 32.09 43.68 34.99 24.96 -4.89 -13.0 -11.87 28.7 -5.86 0.39 47.9
25.21 -21.19 1.04 -7.1 5.86 1.7 -21.52 6.66 47.31 5.02 3.52 -4.75 34.29 -7.68 -28.39 7.71 48.09 -14.6 4.97 49.74 6.45 0.31 -25.58 45.83 20.75 17.79 27.44
17.0 -2.45 -11.95 -15.93 10.24 47.8 0.51 27.95 37.09 32.53 31.42 41.02 -17.37 28.7 -29.95 -6.76 1.74 -19.88 35.09 -1.93 15.45 -15.93 24.14 12.48 34.12 16.93
-25.25 11.31 43.03 -16.18 -18.1 -29.07 18.56 5.31 28.13 49.05 40.99 -12.97 34.62 -25.66 7.7 -17.22 32.2 22.73 39.25 11.4 -9.84 -17.65 -16.31 37.35 34.05
-27.16 46.93 5.0 -5.74 24.81 -19.74 34.47 29.61 -10.72 -25.29 -29.23 0.77 24.31 36.89 9.64 6.87 32.69 22.19 26.26 31.47 -2.51 3.16 -13.93 31.33
-5.82 -17.04 6.01 -15.99 4.94 -23.06 41.84 -26.27 -21.71 38.27 0.77 0.44 -24.74 -5.15 -3.96 45.14 43.17 8.62 33.92 34.31 -6.57 37.22 48.89
19.04 27.52 21.27 46.53 16.3 19.59 -23.39 26.5 -2.45 14.08 26.28 -27.96 -6.2 -29.64 34.88 9.05 -29.65 2.43 1.12 -13.51 21.5 41.94
-9.23 26.35 40.09 -16.91 -7.01 3.14 44.09 17.62 -26.56 21.37 17.49 -15.04 -9.85 -23.03 38.11 -16.64 7.85 -3.17 -27.85 49.5 -12.63
37.53 -17.23 9.03 -8.44 8.53 12.89 37.41 -6.01 3.07 -4.36 48.97 35.45 43.5 18.27 -22.21 37.82 6.4 -22.09 28.79 -21.29
10.65 -7.47 28.32 -29.08 7.54 -2.83 13.41 33.84 -10.88 20.28 38.53 14.52 12.71 39.7 7.37 -19.38 -29.72 -12.06 -24.33
-21.69 -2.89 13.58 26.2 -23.3 -13.63 49.84 39.07 49.32 -24.08 34.92 -2.67 -24.79 -11.64 0.89 35.29 8.73 32.14
-19.34 -23.3 -1.69 -19.75 -23.22 21.21 20.15 36.55 -9.58 -7.85 2.53 -14.87 17.91 8.0 16.43 12.72 -4.59
20.71 37.11 22.79 -26.92 26.61 35.11 -25.25 21.85 -1.32 22.87 14.49 13.81 -22.12 5.58 -29.64 28.89
14.1 8.1 -3.54 -18.22 -9.22 -24.86 33.88 3.69 -26.57 36.43 48.24 49.77 32.81 4.26 6.15
-14.35 24.15 14.41 -0.55 27.47 -12.32 20.73 -5.06 8.0 5.03 2.17 -12.91 42.48 18.59
-4.66 17.81 43.96 -2.08 -14.28 46.73 -3.58 48.11 -13.32 2.17 -5.53 -29.26 40.35
-21.37 -3.19 -1.78 46.91 -4.84 -0.36 21.7 -4.54 9.54 7.39 47.04 -26.25
15.22 14.36 33.76 7.43 -25.57 -25.54 -28.75 46.18 -28.65 36.19 16.04
38.16 -21.57 -3.85 -23.62 5.29 17.12 0.22 -8.47 -2.33 25.02
-20.39 46.48 18.03 34.5 23.79 34.29 -28.09 38.41 12.87
46.8 22.67 36.67 30.12 28.75 -1.81 15.25 49.56
41.85 2.07 6.1 48.31 45.68 -0.36 35.35
-22.4 -27.0 37.82 -25.97 35.18 34.26
-17.44 -21.08 8.36 -21.56 -2.13
14.34 28.85 -22.51 13.61
48.11 33.54 -18.93
21.84 -11.76
-9.87
