25
8 9 10 10 10 11 12 12 12 12 12 12 12 12 12 13 13 13 14 14 14 15 16 16 18
3 6 9 10 13 21 23 25
2 4 6 9 13 17 19 24 25
1 3 8 14 15 16 17 21 22 24
1 2 3 5 9 11 13 15 20 24
1 2 3 5 13 16 17 19 24 25
1 2 4 6 8 14 17 18 19 21 23
1 2 3 6 7 8 9 14 18 20 21 23
2 3 6 7 10 13 14 17 18 19 21 22
4 7 8 9 10 14 16 17 19 20 21 25
1 2 3 4 6 7 9 11 13 19 21 23
5 6 8 9 11 12 16 17 20 22 24 25
2 3 4 5 11 16 18 19 22 23 24 25
2 3 6 8 9 12 13 19 20 21 24 25
5 7 11 12 13 14 16 17 19 21 22 25
1 3 6 7 8 9 12 13 14 22 23 24
1 2 4 8 9 14 15 16 18 19 21 23 25
1 2 5 6 7 8 10 16 17 18 21 22 25
4 5 7 8 9 10 13 15 16 17 18 24 25
1 3 5 7 9 10 11 13 14 15 21 22 24 25
2 3 5 7 8 11 13 14 16 19 20 23 24 25
1 3 4 6 7 9 11 12 13 14 15 16 21 22
2 3 4 7 8 9 10 11 13 14 19 20 22 23 25
1 2 5 6 10 11 13 14 15 17 18 19 21 22 24 25
1 3 4 6 7 9 10 13 15 16 17 18 19 21 22 25
1 2 4 5 6 7 8 10 11 13 14 18 19 20 21 22 23 25
14.6 19.38 34.69 9.72 -48.73 20.87 32.81 -13.13 29.44 -32.78 40.67 -49.46 0.94 -17.99 26.86 -4.54 40.95 -17.5 -5.33 -20.87 -4.16 -40.51 44.25 -30.26 41.94
24.77 26.88 -22.52 31.09 -14.34 49.9 -44.41 -44.4 1.67 -21.59 -48.14 29.27 26.91 9.4 18.24 28.39 25.32 -24.36 12.38 -0.1 17.96 -13.71 -45.89 -5.44
-31.16 -9.23 -15.71 4.61 20.18 21.6 -6.37 25.69 48.83 23.76 11.54 19.69 24.57 -27.12 48.71 0.09 -18.79 10.42 26.33 -43.98 -6.01 8.38 -40.53
-29.48 37.99 -16.06 41.62 26.26 -19.99 -49.56 32.44 18.43 -36.86 4.26 16.4 1.88 12.35 11.22 -9.91 28.24 -3.1 -15.62 45.26 -26.12 13.86
26.55 12.1 7.68 -1.73 17.65 -17.71 -49.1 5.07 14.39 44.33 -38.7 -13.89 -34.68 28.11 -29.21 1.73 -48.12 12.12 -20.04 -17.92 17.29
-30.14 4.12 40.57 -45.27 5.68 -25.98 35.45 21.65 -22.23 20.04 -46.7 26.59 -23.59 36.33 46.12 37.91 20.91 23.14 -15.99 -1.52
9.05 10.81 -49.02 31.36 11.12 11.56 11.64 1.68 -14.89 -12.74 -10.64 -5.99 12.76 17.68 20.28 -47.36 2.76 -11.09 -41.53
-44.28 -42.39 21.28 -25.16 48.91 -46.87 19.99 -47.82 -41.42 -38.15 11.34 -28.11 -21.99 49.51 -18.21 -4.9 -47.4 -14.01
-18.66 21.52 34.6 9.33 -31.52 -7.47 38.24 -40.32 12.97 44.46 -25.29 -20.15 -29.67 10.69 43.12 -12.77 -0.67
-7.08 21.47 20.07 17.34 -22.65 16.71 9.49 -21.61 -3.98 -6.82 -5.61 -22.67 -16.5 21.23 7.11 -40.98
-12.5 -41.74 -22.26 31.24 -41.7 -26.13 25.01 34.45 11.3 -36.06 -18.45 5.4 -5.83 -1.48 39.31
49.34 -8.14 21.33 -9.73 -9.02 41.65 -38.58 -33.89 -24.71 6.86 47.76 13.49 -28.98 9.8
-19.85 -38.63 5.5 -29.06 33.09 -49.01 -6.21 33.34 45.34 16.19 50.0 6.1 29.45
-9.34 -24.92 -24.6 15.66 -19.2 -28.51 32.2 -27.15 38.83 49.69 7.93 24.25
-41.24 22.29 -40.51 29.66 -39.72 -7.69 27.68 -24.21 -5.37 -20.97 4.89
8.97 -19.51 -4.86 -22.28 49.82 -32.93 -35.06 46.3 -34.15 4.48
-30.6 9.17 37.0 -6.36 -39.05 39.54 34.16 -6.51 -10.16
47.16 36.29 -8.84 47.35 -31.35 -49.86 21.25 25.22
23.32 46.74 -12.55 4.61 -21.65 -6.32 36.23
-1.58 -14.75 -7.83 -4.73 -19.99 -26.32
12.87 43.19 9.34 11.19 5.77
-35.64 -20.37 48.88 24.09
-10.01 1.98 19.26
-4.24 48.86
-15.65
